0 0.999999972 0.00020425987 -0.000120702116 0.000167334401 -0.000204282745 0.999999961 -0.000189534106 -0.000256301897 0.000120663397 0.000189558758 0.999999975 -0.000207554377
161 0.999988114 0.00111230334 -0.00474701374 -3.08750104e-05 -0.00110986646 0.999999251 0.000515954378 0.017828583 0.00474758408 -0.000510679695 0.9999886 0.0078161086
162 0.999994848 6.96627624e-05 -0.0032091058 -0.00164478026 -7.30242797e-05 0.999999449 -0.00104738818 0.0187001897 0.00320903107 0.00104761712 0.999994302 0.0081292835
163 0.999994138 0.000123632045 -0.00342190911 -0.00169187398 -0.000129763036 0.999998387 -0.00179152312 0.0185180971 0.0034216821 0.00179195666 0.99999254 0.00808100118
166 0.999986098 0.00033312288 -0.00526248128 -0.00120584674 -0.000350290918 0.999994619 -0.00326176192 0.0201589848 0.0052613664 0.00326355998 0.999980833 0.00888031138
169 0.999987598 0.00028707685 -0.00497212635 -0.000904860463 -0.000320461539 0.999977404 -0.00671487389 0.0219506852 0.00497008631 0.00671638399 0.999965094 0.00954724179
174 0.999955871 0.000761313684 -0.00936354207 -0.000908056412 -0.00088964005 0.99990564 -0.0137083749 0.0247929447 0.00935222215 0.0137161001 0.999862193 0.0105830745
181 0.999968834 0.00030983876 -0.00788889863 -0.000731436364 -0.000476968659 0.999775302 -0.0211923947 0.0288676647 0.00788055979 0.021195497 0.999744291 0.0124736637
188 0.999974916 -2.60408164e-05 -0.00708280967 -0.00018970448 -0.000117118157 0.99979573 -0.0202110071 0.031976613 0.00708188918 0.0202113296 0.999770648 0.0134707028
195 0.999984652 -9.62328101e-05 -0.00553949134 -0.000921832814 -3.39939019e-05 0.999723745 -0.0235038919 0.0341113861 0.00554022287 0.0235037195 0.999708398 0.0145810211
204 0.999977128 -5.3903437e-05 -0.00676316868 -0.000877166903 -0.00011283432 0.999696112 -0.0246509888 0.0363351784 0.00676244221 0.0246511881 0.999673241 0.0156403155
213 0.99997033 -0.000335665476 -0.00769590556 -0.000464834303 0.000111033349 0.999574447 -0.0291703914 0.0383483748 0.00770242204 0.0291686715 0.999544827 0.016594118
220 0.999956123 6.41114229e-05 -0.00936741226 -0.000742726786 -0.000368400165 0.999472134 -0.032485644 0.0404819415 0.00936038483 0.0324876696 0.999428304 0.0174798067
227 0.999918647 0.000682184579 -0.012737132 -0.000270964531 -0.00110483581 0.999447947 -0.0332051166 0.042018489 0.0127074484 0.0332164877 0.999367393 0.018243717
234 0.9999055 0.00043532278 -0.0137404911 -0.000262326609 -0.000934382726 0.999339233 -0.0363348946 0.042658371 0.0137155944 0.0363442999 0.999245202 0.0184829843
243 0.999913128 0.000441961856 -0.0131734698 -0.000367990993 -0.000919343885 0.999342179 -0.0362541458 0.0431620882 0.0131487811 0.0362631073 0.999255771 0.0187599022
252 0.999907782 4.02300181e-05 -0.0135803177 0.000143553239 -0.000558343077 0.999271863 -0.0381501284 0.0419508582 0.0135688946 0.0381541928 0.999179735 0.0180088949
259 0.999904205 0.000423801801 -0.0138348171 -0.000376741942 -0.000937068831 0.999310588 -0.0371142918 0.039613056 0.0138095501 0.0371237006 0.999215256 0.0172284826
266 0.99989679 0.000761340861 -0.0143468004 -0.000408321894 -0.00123369471 0.999456439 -0.0329439554 0.0385355077 0.0143139204 0.0329582548 0.999354224 0.016790395
273 0.999894165 0.0007948834 -0.014526735 -0.000486173566 -0.00127430178 0.999453777 -0.0330230916 0.0382786966 0.0144925507 0.033038108 0.999349013 0.0166880274
278 0.999893256 0.000777647686 -0.0145901254 -0.000551662047 -0.00126304881 0.999444953 -0.0332894966 0.038868926 0.0145561397 0.0333043712 0.999339251 0.0170160223
279 0.999877672 0.000930408747 -0.0156133146 -6.55260831e-05 -0.00146932212 0.999402223 -0.0345403793 0.0390871976 0.0155718447 0.0345590951 0.999281335 0.0169293886
288 0.99985398 0.00113797589 -0.0170506305 -0.000278158638 -0.00173512657 0.999384108 -0.0350484506 0.0398367495 0.0170002449 0.0350729178 0.999240152 0.017283864
299 0.999865986 0.000861632447 -0.016348344 -0.00033726421 -0.00147207633 0.999300616 -0.0373645931 0.0380343918 0.0163047157 0.0373836517 0.999167963 0.016514212
308 0.999876053 0.00118054919 -0.0156998204 -0.000225687926 -0.00166237371 0.999526885 -0.0307122626 0.034933073 0.0156561352 0.0307345549 0.999404959 0.0149665194
315 0.999901724 0.00104702415 -0.0139801843 -0.000458907324 -0.00142004312 0.999642516 -0.0266987687 0.0336076335 0.0139472324 0.0267159973 0.999545762 0.0145079683
322 0.999889257 0.00110612781 -0.0148408295 -0.00034893792 -0.00149505291 0.999655053 -0.0262209799 0.0344760403 0.0148067064 0.0262402639 0.999546002 0.0149367355
331 0.999842542 0.00112281842 -0.0177096187 4.15011225e-05 -0.00174032406 0.999389587 -0.0348916038 0.0384834256 0.0176596316 0.0349169303 0.999234179 0.0164548581
338 0.999814947 0.00139146725 -0.0191868587 -4.49494609e-05 -0.00206783763 0.99937543 -0.0352771032 0.0411221354 0.0191257882 0.0353102504 0.99919337 0.0176565492
345 0.999840292 0.000390247619 -0.0178672376 -0.000482003226 -0.00108056548 0.999252511 -0.0386426267 0.0398554218 0.0178388019 0.0386557619 0.999093344 0.0175346984
354 0.99982988 0.00129248927 -0.0183994975 -3.45717749e-05 -0.00193332074 0.999390556 -0.034853684 0.0383017253 0.018343236 0.0348833269 0.999223038 0.0163476327
361 0.999831762 0.00165263976 -0.0182678922 -8.34896301e-05 -0.00221613128 0.999520984 -0.030868932 0.0356843161 0.0182081264 0.0309042227 0.99935649 0.0152057858
368 0.999855659 0.00135303053 -0.0169360895 -7.4657763e-05 -0.00185613019 0.999556379 -0.0297253969 0.0342601281 0.0168883569 0.0297525419 0.999414613 0.0146980778
377 0.999856892 0.00143689219 -0.0168562002 -1.11089842e-05 -0.00193409609 0.999562387 -0.0295176798 0.0346346667 0.01680641 0.0295460571 0.999422121 0.014796544
380 0.999856852 0.00137280693 -0.0168638652 -2.70570317e-05 -0.00188112639 0.999543201 -0.0301637421 0.0350127838 0.0168147528 0.0301911473 0.999402701 0.0150655164
381 0.999846628 0.00139010969 -0.0174582014 3.32296559e-05 -0.0019394339 0.999502258 -0.0314877036 0.0352175571 0.0174057403 0.0315167333 0.999351658 0.0150697905
388 0.999813558 0.00166734274 -0.0192372066 0.000165954948 -0.0023000544 0.999455511 -0.0329148975 0.035651849 0.0191718517 0.0329530073 0.999273005 0.0152024638
397 0.99980969 0.00162699261 -0.019440572 0.000271782552 -0.00228353144 0.999426101 -0.0337972554 0.0340540672 0.0193744272 0.0338352166 0.999239616 0.0145216853
412 0.999847955 0.00163134363 -0.0173610125 6.15618067e-05 -0.00206524228 0.999685213 -0.0250041965 0.0301324355 0.0173147571 0.0250362495 0.999536585 0.012797517
421 0.999845332 0.00178105008 -0.0174968757 0.000100276407 -0.00220743584 0.999700321 -0.0243802429 0.0308615904 0.0174482098 0.0244150953 0.99954963 0.0131592909
432 0.999835721 0.00172470981 -0.0180431606 3.90636097e-05 -0.00221562316 0.999626924 -0.0272232134 0.0343274382 0.017989477 0.0272587181 0.999466528 0.0147029723
441 0.999793587 0.00184112669 -0.0202334973 0.000147275235 -0.0025038397 0.999459557 -0.0327768945 0.0353349774 0.0201622159 0.0328207903 0.999257865 0.0150769723
452 0.999796355 0.0019512255 -0.0200858644 0.000255100283 -0.00258512171 0.999497824 -0.0315818933 0.0321279541 0.0200141544 0.0316273862 0.999299326 0.0137719127
463 0.999838383 0.00164906525 -0.0179021687 0.000378251768 -0.0020916162 0.999691978 -0.024730013 0.0287013371 0.0178558731 0.0247634607 0.999533861 0.0120760855
474 0.999851314 0.00197461004 -0.0171304175 -0.000198452812 -0.00230642111 0.999809692 -0.0193716186 0.029223134 0.017088906 0.0194082483 0.999665589 0.0124729693
477 0.999840692 0.00201466948 -0.0177350628 -4.52994846e-05 -0.00235818238 0.999809611 -0.0193695839 0.0307627018 0.0176926629 0.0194083207 0.999655084 0.013127062
482 0.999852698 0.00146109807 -0.0171011112 -2.06234705e-05 -0.00193622653 0.99961163 -0.0277999888 0.0330519087 0.0170538511 0.0278290055 0.999467214 0.0141450423
485 0.999824071 0.00156207057 -0.0186918858 0.000308309505 -0.00211157661 0.999565067 -0.0294145788 0.0348255163 0.0186378084 0.0294488733 0.999392513 0.0147288612
488 0.999828367 0.00164905826 -0.0184530923 -8.20456341e-06 -0.0021815696 0.999580657 -0.0288747501 0.0360619182 0.018397738 0.028910051 0.999412694 0.0153695327
491 0.999798853 0.00160569577 -0.0199919 0.00014263452 -0.00226581516 0.999451442 -0.0330406036 0.0363609668 0.0199278801 0.0330792555 0.999254043 0.0155508683
494 0.999746091 0.0018072533 -0.0224607986 0.000380383619 -0.00258458816 0.999396935 -0.0346278204 0.0365020081 0.0223846721 0.03467708 0.99914785 0.0155047706
498 0.999752919 0.00186126883 -0.0221503186 0.000395038168 -0.00263517988 0.999385192 -0.0349613151 0.0358712215 0.022071628 0.0350110469 0.999143168 0.0152272149
502 0.999751527 0.00173872135 -0.0222229752 0.000556948051 -0.00252270214 0.999373621 -0.0352987418 0.0339094697 0.0221476806 0.035346033 0.99912969 0.0143109959
506 0.999793293 0.00198134002 -0.0202347546 0.000222318347 -0.00255531439 0.999593957 -0.0283794238 0.032468918 0.0201703091 0.0284252637 0.999392397 0.0134835034
510 0.999809759 0.00180306155 -0.0194214812 0.000404966974 -0.00234019155 0.99961439 -0.0276693664 0.0292735637 0.0193641026 0.0277095525 0.999428443 0.0123147193
513 0.99982597 0.00176044574 -0.0185723201 0.000459255798 -0.00222155804 0.999689056 -0.0248365891 0.0276581988 0.0185228216 0.0248735263 0.999518991 0.0116410403
515 0.999835347 0.00192348822 -0.018043832 0.000142818568 -0.00229942249 0.999780243 -0.0208369461 0.0274261854 0.0179997872 0.0208750056 0.999620049 0.0113644092
519 0.999814233 0.00226181927 -0.0191411576 8.97505785e-05 -0.00263390826 0.999807626 -0.0194363798 0.0257648523 0.0190935138 0.0194831852 0.999627852 0.0108148261
522 0.999810988 0.00219906274 -0.0193171332 0.000291982948 -0.00258215162 0.999800051 -0.0198290561 0.0255633487 0.0192696655 0.0198751879 0.999616755 0.0106400736
524 0.999808734 0.00236131899 -0.0194144184 0.00017024389 -0.00273605242 0.999810033 -0.0192979609 0.025423111 0.0193651616 0.0193473887 0.999625264 0.0106241815
525 0.999805884 0.00236598323 -0.0195600522 -9.34702849e-05 -0.00273848597 0.999814987 -0.0190392589 0.0261808641 0.0195113868 0.019089128 0.999627386 0.0106230038
528 0.999774753 0.00274072359 -0.0210459643 -9.17703985e-05 -0.00309525636 0.999853548 -0.0168315859 0.0265223736 0.0209967513 0.0168929373 0.999636817 0.0110760113
531 0.999780061 0.00274292856 -0.0207919655 -0.000235185788 -0.00308006378 0.999864027 -0.0162000443 0.027954982 0.0207447028 0.0162605219 0.999652566 0.0116229833
536 0.999801696 0.00220838584 -0.0197912239 -5.65315537e-05 -0.00266641134 0.99972853 -0.0231464333 0.030776731 0.0197347349 0.0231946148 0.999536167 0.0127763324
540 0.999819909 0.0019470695 -0.0188774697 -0.000270250029 -0.0023998028 0.999709323 -0.0239898197 0.0332368503 0.0188252726 0.0240308016 0.999533956 0.0139546392
543 0.999817863 0.00168057653 -0.0190109646 -3.6804962e-05 -0.00223619697 0.999569833 -0.0292429179 0.0346322001 0.0189536418 0.029280104 0.999391532 0.0144420446
546 0.999784239 0.0018440346 -0.0206899623 7.25917137e-05 -0.00247816343 0.999526632 -0.0306654523 0.0354048216 0.0206236202 0.030710109 0.999315544 0.0148339991
549 0.999783753 0.00192672513 -0.0207059345 -1.64541192e-05 -0.00256457711 0.999521568 -0.0308230092 0.0361440935 0.0206366406 0.0308694458 0.999310365 0.0151268852
551 0.999758996 0.0020337579 -0.021858931 0.000144508152 -0.00275042463 0.999457951 -0.0328060995 0.0357907761 0.0217803627 0.0328583144 0.999222671 0.0150226124
554 0.999752373 0.00189323505 -0.0221722251 0.000175695918 -0.00262677122 0.99944855 -0.0331013119 0.035425736 0.0220973297 0.0331513565 0.999206033 0.0148453411
557 0.999750669 0.00211776681 -0.0222286886 0.000135158491 -0.00284449832 0.999460743 -0.0327128748 0.0347200576 0.0221474234 0.032767948 0.999217571 0.0143899739
560 0.999761615 0.00208257033 -0.0217342045 0.000185928201 -0.00275147766 0.999522017 -0.0307923326 0.0334628197 0.0216596887 0.0308447934 0.999289476 0.0139466607
565 0.999802696 0.00221842631 -0.0197395025 -0.000155175995 -0.00267467054 0.999729189 -0.0231169596 0.0318058897 0.0196828736 0.0231651952 0.999537872 0.0132811991
568 0.999805052 0.0021486455 -0.0196275829 4.15026195e-05 -0.00261679629 0.999711951 -0.0238572199 0.0309556764 0.0195706685 0.0239039303 0.999522682 0.0128098422
571 0.999807864 0.00205137178 -0.0194942703 -0.000110338239 -0.00252275214 0.999704276 -0.0241867118 0.0303224775 0.0194388894 0.0242312438 0.999517372 0.0126255738
576 0.999816386 0.00203871813 -0.0190535604 -7.945902e-05 -0.00249104743 0.999714911 -0.023746382 0.0303138263 0.0189997163 0.0237894852 0.999536428 0.0125915232
579 0.999815413 0.00201167414 -0.0191074082 -6.73798483e-05 -0.00246394317 0.999716651 -0.023675855 0.0308566659 0.019054366 0.0237185643 0.999537073 0.0127362908
584 0.999817477 0.0020776081 -0.0189920269 -0.000184430063 -0.00250498245 0.999743551 -0.0225068095 0.0319360284 0.0189403961 0.0225502761 0.999566279 0.0133037849
588 0.999809352 0.00194960226 -0.0194283045 -4.45034313e-05 -0.00246639947 0.999642799 -0.026611864 0.0328753254 0.0193694821 0.0266547085 0.999457027 0.0137164085
591 0.99981149 0.00184485859 -0.019328255 -0.000290578799 -0.00236339956 0.999636956 -0.0268397335 0.0339875684 0.0192717225 0.0268803543 0.999452874 0.0141373252
594 0.999808296 0.00193427071 -0.0194840844 -0.000204624864 -0.00244633284 0.999651323 -0.0262915921 0.0348272109 0.0194264357 0.0263342165 0.999464418 0.0145921623
595 0.99981212 0.00190418657 -0.0192898748 -0.00037747909 -0.002417052 0.999643263 -0.0265989599 0.0349618725 0.019232344 0.0266405871 0.999460052 0.0146438294
599 0.999784776 0.00183009964 -0.0206652255 -0.000101759108 -0.00249522393 0.999478141 -0.032205906 0.0348464313 0.0205955012 0.0322505389 0.999267596 0.0145196644
604 0.999771027 0.00214726565 -0.0212904302 -7.60260527e-05 -0.00279782534 0.999528594 -0.0305738913 0.0346282891 0.0212147434 0.0306264577 0.999305736 0.0143651386
608 0.999774403 0.0021116006 -0.0211349052 -0.000149580977 -0.00270390836 0.999603261 -0.0280358732 0.033786077 0.0210673196 0.0280866953 0.999383463 0.0140275223
610 0.999803318 0.00169816436 -0.019759602 -0.000557948436 -0.00224443185 0.999614968 -0.0276564227 0.0342880559 0.0197050287 0.0276953323 0.999422173 0.0143200482
613 0.999804701 0.00201412518 -0.0196597068 -0.000178527192 -0.00255618951 0.999616158 -0.0275862819 0.0326875475 0.0195965983 0.0276311482 0.999426082 0.0135896764
614 0.999803879 0.00194086583 -0.019708772 -0.000147783285 -0.00249008484 0.999608161 -0.027880538 0.0326116596 0.0196469369 0.0279241465 0.99941695 0.0134490155
616 0.999804492 0.00182568668 -0.0196886992 -0.000158503517 -0.00237295214 0.999610453 -0.0278084762 0.0317055535 0.01963026 0.0278497597 0.999419353 0.0131930427
617 0.999804908 0.00184794567 -0.0196654694 -0.000159323378 -0.00239757292 0.999606109 -0.0279620781 0.0316489898 0.019606051 0.0280037723 0.999415525 0.0131253893
618 0.999807437 0.00191704765 -0.0195298107 -0.000118940223 -0.00245456489 0.999617793 -0.0275362268 0.0317326334 0.019469558 0.0275788615 0.999430009 0.0131107061
621 0.999813434 0.00201730758 -0.0192100917 -0.000311446257 -0.00250203415 0.999678229 -0.0252424034 0.0313145914 0.0191529888 0.0252857583 0.99949677 0.0130003765
628 0.999814064 0.00199402136 -0.0191796977 -0.000190487307 -0.00246828029 0.999690988 -0.024735331 0.0316314068 0.0191244482 0.0247780726 0.999510031 0.0130789895
632 0.999813269 0.00195519699 -0.0192250915 -0.000204029579 -0.00243850587 0.999680758 -0.0251482663 0.0325404692 0.0191697842 0.0251904508 0.999498855 0.0133976459
636 0.999807304 0.0017950027 -0.0195482064 -0.000238439919 -0.00234509439 0.999600852 -0.0281537987 0.0328271815 0.0194898676 0.028194216 0.999412443 0.0135702312
637 0.999809974 0.00178834195 -0.0194117995 -0.000319367567 -0.00233744654 0.999596701 -0.0283014279 0.0330235918 0.0193533581 0.028341424 0.999410932 0.0136858209
638 0.999809497 0.0018078459 -0.0194345404 -0.00031335933 -0.00235684835 0.99959774 -0.0282631172 0.0330788084 0.0193756273 0.0283035372 0.999411574 0.0137024122
639 0.999810098 0.00182068365 -0.0194024035 -0.000363089203 -0.00236623563 0.999601416 -0.0281319951 0.0330975602 0.0193434505 0.0281725634 0.999415898 0.0137812005
642 0.999807113 0.00183874605 -0.019553914 -0.00025374821 -0.00239588649 0.999590711 -0.0285073816 0.0331635928 0.0194934929 0.0285487319 0.999402308 0.0137390255
643 0.999801892 0.00186496388 -0.0198166356 -0.000141345963 -0.00244778886 0.999563921 -0.0294274636 0.0328377388 0.0197531128 0.0294701407 0.999370465 0.013604185
648 0.999784729 0.00193757017 -0.0206577098 0.00010144697 -0.00257095409 0.999525996 -0.0306785646 0.0316055787 0.020588476 0.0307250704 0.999315808 0.0130636116
651 0.999790719 0.00217131047 -0.0203421709 8.44293366e-05 -0.00280305034 0.999513006 -0.0310788194 0.0291776027 0.0202647826 0.0311293353 0.999309913 0.0123031127
656 0.999808857 0.00201792738 -0.0194467611 -8.07875026e-05 -0.00252011776 0.999663069 -0.0258340493 0.0279804001 0.0193880777 0.0258781194 0.999477076 0.0113236331
661 0.999819143 0.00194027253 -0.0189186992 4.75640277e-05 -0.00241106236 0.999687191 -0.0248939263 0.025008747 0.0188644802 0.0249350382 0.999511068 0.0101025053
664 0.999806741 0.00224487639 -0.019530499 5.37168505e-05 -0.00265973009 0.999770839 -0.0212413475 0.0238698833 0.0194783392 0.0212891883 0.999583596 0.0095853878
665 0.999791711 0.00246813997 -0.0202593784 7.01959547e-05 -0.00286512098 0.999804005 -0.0195893462 0.0231181916 0.0202070584 0.0196433115 0.999602829 0.0094969906
670 0.999733616 0.00289821669 -0.0228975341 -1.17084577e-05 -0.00331272374 0.999830955 -0.0180855511 0.0215898713 0.0228412476 0.0181565866 0.999574217 0.00876217189
674 0.999728752 0.00302435568 -0.0230927776 0.000249552559 -0.00345049822 0.999824088 -0.0184360075 0.02055917 0.0230329583 0.0185106884 0.999563323 0.00839616205
678 0.999728246 0.00298076733 -0.0231203328 0.000219615383 -0.00340139107 0.999829038 -0.018174868 0.0199786199 0.023062205 0.0182485702 0.999567469 0.00815075033
679 0.999716883 0.00317062705 -0.0235817822 0.000142185993 -0.00357333099 0.999848177 -0.0170544213 0.020135087 0.0235241287 0.0171338584 0.999576433 0.00815591281
683 0.999652085 0.00374761169 -0.0261087204 0.000103178851 -0.00415216894 0.999871894 -0.0154581587 0.0201040545 0.0260474446 0.0155611884 0.999539584 0.00819054518
687 0.999651017 0.00373971687 -0.0261507082 0.000119923056 -0.00414549692 0.999871584 -0.0154800236 0.0203617724 0.0260894591 0.015583029 0.999538148 0.00823621286
688 0.999645616 0.00378464962 -0.0263499295 0.000244723557 -0.00419145168 0.999872622 -0.0154003735 0.0204684462 0.0262882881 0.0155053603 0.999534146 0.00830182736
692 0.999647748 0.00370053976 -0.0262808941 0.000187859218 -0.00409779822 0.999877922 -0.0150781309 0.0213655704 0.0262218886 0.0151805134 0.999540877 0.00872592807
697 0.999645753 0.00397532228 -0.0263166191 0.000134370719 -0.00425310581 0.999935746 -0.0105078965 0.0230349225 0.0262731558 0.0106161015 0.999598429 0.0100791625
700 0.999625495 0.00439462267 -0.0270103223 -0.000149753112 -0.00456895202 0.999969108 -0.0063958515 0.0268093275 0.0269813805 0.00651686509 0.999614694 0.0109412886
704 0.9996593 0.0044216428 -0.0257241578 -0.000427187976 -0.00447945974 0.999987568 -0.00219038306 0.0330952813 0.0257141529 0.00230486713 0.999666679 0.013384419
707 0.999673087 0.004418341 -0.0251832617 -0.00109131789 -0.00439348144 0.999989805 0.00104239096 0.0398749886 0.0251876106 -0.000931407999 0.999682308 0.016337323
714 0.999770269 0.00256432693 -0.0212798947 -0.00086388882 -0.00306720659 0.999716001 -0.0236327907 0.0609590163 0.021213249 0.0236926313 0.999494201 0.0255301459
721 0.999653247 0.00219251059 -0.0262407915 -0.000555858059 -0.00363477146 0.998477439 -0.0550417363 0.0960957018 0.0260801587 0.0551180297 0.998139183 0.0397470138
728 0.999639399 0.000674527556 -0.0268442942 9.94883608e-05 -0.00328040656 0.995264464 -0.0971487764 0.147261403 0.0266516426 0.0972018046 0.994907784 0.0650102737
733 0.999607566 -0.00024873251 -0.0280116543 0.000914260711 -0.00426238713 0.986966573 -0.160868938 0.205080812 0.0276865798 0.160925204 0.986578194 0.0928267672
738 0.999849213 0.0003069377 -0.0173624999 -0.00255701985 -0.00472336271 0.966953533 -0.254908915 0.272368701 0.0167104894 0.254952487 0.966809179 0.131995565
742 0.999861023 0.00556201049 -0.0157161832 -0.00657918891 -0.0101241974 0.951544282 -0.307345051 0.29677415 0.0132451879 0.307461451 0.95146835 0.171537253
745 0.999633505 0.00920808336 -0.0254571709 0.000477656309 -0.0181435554 0.925800118 -0.377577745 0.339016731 0.0200914845 0.377901248 0.925627884 0.202299546
749 0.999153203 0.0192639007 -0.0363562924 0.0145785499 -0.0330624991 0.90185522 -0.430771439 0.356747887 0.0244897738 0.431608693 0.901728444 0.242047681
752 0.998134873 0.0258759608 -0.0552920358 0.0296071412 -0.0487867971 0.882550638 -0.467679612 0.368484361 0.0366963621 0.469504852 0.882166975 0.27189669
755 0.995576714 0.0341046183 -0.0875435943 0.041608116 -0.0736593496 0.861743777 -0.501968089 0.379295726 0.0583207175 0.506196145 0.860444162 0.306898223
757 0.99290646 0.0381226703 -0.112620703 0.048125151 -0.0918370981 0.847502259 -0.522786637 0.384873413 0.0755162781 0.529420988 0.844991544 0.328424251
759 0.989890832 0.0440328585 -0.134823023 0.0519897733 -0.110788914 0.833572707 -0.541186066 0.388815398 0.0885548227 0.550652022 0.830024334 0.351680388
762 0.985839511 0.0525895086 -0.159231913 0.0580795381 -0.135370862 0.809999674 -0.570592024 0.394181877 0.0989706433 0.584067524 0.805648769 0.390084129
765 0.98254183 0.0606712283 -0.175870847 0.0662802389 -0.1551109 0.789117457 -0.59433513 0.390571122 0.102723713 0.611238612 0.784751679 0.425588679
767 0.979160755 0.0664628493 -0.191903377 0.0688981139 -0.172011595 0.773752045 -0.609688268 0.390426352 0.107964011 0.629992431 0.769060017 0.449570408
770 0.971560568 0.0683050454 -0.22672557 0.0754046023 -0.201111348 0.743468056 -0.637816177 0.392114175 0.124997156 0.665274132 0.736061166 0.489262825
773 0.965450439 0.0746060378 -0.24967857 0.0812750468 -0.224700832 0.723563329 -0.652660436 0.380944157 0.131965848 0.686214287 0.715328573 0.523648663
776 0.956981024 0.0867661976 -0.276873519 0.0804836256 -0.256464816 0.699220913 -0.667319947 0.370471385 0.135694941 0.709620843 0.691393623 0.556982911
780 0.943557225 0.0909367948 -0.318481181 0.0824343629 -0.297384619 0.65593846 -0.693763018 0.351396627 0.14581547 0.749316513 0.645958677 0.602275268
782 0.935318853 0.0929863849 -0.341368093 0.0813371705 -0.319932432 0.634256105 -0.703819886 0.343064585 0.15106913 0.767510733 0.622981053 0.624260476
784 0.922054228 0.0917544991 -0.376028075 0.0824220352 -0.349911289 0.612900119 -0.708459973 0.331186006 0.165463262 0.784814982 0.597233081 0.648906335
786 0.913255913 0.0865743694 -0.398081042 0.0801181124 -0.36916762 0.589091396 -0.718809151 0.323790921 0.172275667 0.803415339 0.569951654 0.671997984
788 0.901884851 0.0781032857 -0.424857143 0.080864285 -0.391879482 0.561742072 -0.728612597 0.313227892 0.181753094 0.823617461 0.53723374 0.697462904
790 0.895114058 0.0761457042 -0.43928653 0.0752840761 -0.40691323 0.542169839 -0.735169021 0.299580715 0.182187944 0.836811626 0.516288539 0.715770001
791 0.889191389 0.0697919544 -0.45218111 0.0759274132 -0.417699253 0.527160134 -0.740019951 0.293391133 0.186724416 0.84689508 0.497898299 0.728270386
793 0.881710319 0.0624375787 -0.467641383 0.0711493198 -0.433081581 0.500315571 -0.749749741 0.279000853 0.187155707 0.863588952 0.468173967 0.749390041
795 0.87483967 0.0573168288 -0.481009702 0.065206648 -0.446395443 0.480994391 -0.754569747 0.260623329 0.188113424 0.874848088 0.446378946 0.766904499
798 0.866336159 0.0436289602 -0.497552182 0.0567075108 -0.463424674 0.441746832 -0.768177914 0.240553511 0.186277296 0.896078261 0.40291999 0.793679009
800 0.860307307 0.0378461166 -0.508368969 0.0488899686 -0.475432456 0.419403915 -0.773346194 0.22475603 0.183943786 0.907010489 0.378809525 0.81022246
801 0.858208325 0.0403148177 -0.511715924 0.0439731218 -0.479881788 0.416849836 -0.771977774 0.215194541 0.182186556 0.908080905 0.377090347 0.813880637
803 0.848902484 0.0277856905 -0.527818651 0.0386411283 -0.494946779 0.392172988 -0.775388956 0.200953359 0.1854515 0.919471752 0.346669062 0.828987143
805 0.841578842 0.0228643577 -0.53965014 0.0315208691 -0.506837324 0.378793864 -0.774358532 0.186346751 0.186710951 0.925198589 0.330373412 0.836630933
807 0.83297733 0.01292173 -0.553156214 0.0231960139 -0.521463212 0.352594929 -0.777015402 0.17136038 0.184999693 0.935686831 0.300441789 0.848843995
808 0.835851516 0.0177442076 -0.54866874 0.0183254177 -0.519091206 0.350715837 -0.779450269 0.166656435 0.178596089 0.936313807 0.302357226 0.84804547
810 0.827273128 0.00637392973 -0.56176378 0.00982276553 -0.532462813 0.327799726 -0.780404185 0.150707706 0.179171772 0.944725734 0.274573786 0.859637878
812 0.835937214 0.0157652554 -0.548598606 0.00644207405 -0.519556854 0.344800652 -0.781775662 0.145784485 0.176832264 0.938543535 0.296422643 0.849574406
815 0.844428539 0.0165998006 -0.535410953 -0.00353426144 -0.508078693 0.341459774 -0.790734635 0.132555692 0.169695266 0.939749791 0.296772384 0.848513644
816 0.846179486 0.0172592601 -0.532618432 -0.00663768869 -0.506246949 0.338156257 -0.793324885 0.128147837 0.166416055 0.9409317 0.294878335 0.84816765
817 0.846337183 0.0171644796 -0.532370879 -0.0101680239 -0.506564127 0.334873493 -0.794514021 0.123007222 0.164639476 0.942106748 0.292110798 0.84830445
819 0.842481051 0.0171214924 -0.538453836 -0.0163147262 -0.512747141 0.332118983 -0.791699027 0.113104344 0.165275672 0.943082094 0.288582946 0.847869664
820 0.839449561 0.0148391139 -0.543234973 -0.019303817 -0.516804554 0.330900327 -0.789568253 0.107569211 0.168040137 0.943549031 0.285443056 0.848335211
822 0.837309617 0.0115649811 -0.546606674 -0.0254013288 -0.519595851 0.327879353 -0.788996376 0.0971241184 0.170096314 0.944648814 0.280545651 0.848536525
825 0.83868669 0.00925356227 -0.544535589 -0.0353826636 -0.518988836 0.316670776 -0.793958568 0.0823447714 0.165091563 0.948490375 0.270390061 0.848314921
827 0.839753688 0.0103916683 -0.542868083 -0.0419014101 -0.517894773 0.315644709 -0.795080764 0.0720926957 0.163091223 0.948820547 0.2704456 0.84811832
829 0.839989752 0.0117098634 -0.542475894 -0.0485610943 -0.517920098 0.315407834 -0.795158267 0.061774118 0.161789952 0.948883964 0.271004122 0.848251572
832 0.838600921 0.0139393223 -0.544567894 -0.0583294359 -0.520796666 0.313670798 -0.793965656 0.0467329433 0.159747703 0.949429474 0.270304173 0.8483341
834 0.837793982 0.0140270892 -0.54580627 -0.0649064581 -0.522329285 0.311667268 -0.793747839 0.0367059629 0.158975977 0.950087762 0.268439721 0.848410927
837 0.834865577 0.0153599234 -0.55023953 -0.0740497134 -0.526094601 0.316340779 -0.789400394 0.0213477663 0.161938072 0.948521262 0.2721828 0.848127824
840 0.835708963 0.0158536721 -0.548943704 -0.083758937 -0.525625826 0.312651482 -0.791180474 0.00685189531 0.159084947 0.949735601 0.269618745 0.848115899
841 0.834370763 0.0154257071 -0.550987728 -0.0868343554 -0.527762308 0.310768782 -0.790499659 0.00206456024 0.159035769 0.950360359 0.267437493 0.848003826
843 0.831036495 0.0107349152 -0.556114291 -0.0924624039 -0.531473359 0.310219791 -0.788225697 -0.00792693426 0.164056123 0.950604252 0.263509289 0.848009371
846 0.83294628 0.0101215523 -0.553261284 -0.101464792 -0.528302246 0.311977328 -0.789662512 -0.0224585488 0.164612367 0.950035631 0.265207594 0.847956574
848 0.837073566 0.0163606557 -0.546845659 -0.108486566 -0.524453284 0.308548769 -0.793565631 -0.0313570754 0.155745301 0.951067813 0.266858418 0.847792271
850 0.838372492 0.0218944995 -0.544657871 -0.115085763 -0.52388171 0.308416225 -0.793994576 -0.0405208277 0.15059721 0.950999508 0.270037806 0.847570114
853 0.831124895 0.021360101 -0.555675404 -0.123391096 -0.533397331 0.313142982 -0.785766352 -0.0548925213 0.157221804 0.949465755 0.271654349 0.847784551
856 0.825210842 0.0191737567 -0.564499277 -0.131899559 -0.540869459 0.314799754 -0.77997522 -0.0688586127 0.162749178 0.948964426 0.270146669 0.847984105
858 0.823989772 0.0210634737 -0.566213022 -0.137771617 -0.542385993 0.31836295 -0.777471843 -0.0782838963 0.16388499 0.947734859 0.273752347 0.847961914
860 0.836141352 0.0291673002 -0.547737992 -0.144476002 -0.525784648 0.327100789 -0.785210531 -0.0875963278 0.156263058 0.944539222 0.288838215 0.847931121
862 0.83962487 0.0388605903 -0.541774799 -0.151618761 -0.523051279 0.326776506 -0.787168644 -0.0961034641 0.146449438 0.944302372 0.294695762 0.847898803
865 0.828065978 0.0366907546 -0.559428749 -0.159354935 -0.5376558 0.334704577 -0.773885706 -0.110576075 0.158848912 0.941608536 0.29688447 0.848235432
867 0.82749762 0.0339604148 -0.560441236 -0.164619462 -0.536672092 0.341205425 -0.771726586 -0.120483432 0.165017435 0.939375084 0.300572284 0.848243235
869 0.834120093 0.0409817277 -0.550058331 -0.171381473 -0.5284725 0.345013709 -0.775681866 -0.129682191 0.157988882 0.937702532 0.309440583 0.848090101
871 0.832243335 0.044890832 -0.552590124 -0.17804898 -0.532489021 0.342227091 -0.77416798 -0.138608127 0.154358266 0.938544315 0.308720091 0.848113325
873 0.82678916 0.0404796863 -0.561053544 -0.183286166 -0.538642187 0.344440528 -0.768911775 -0.148637023 0.162124272 0.937935028 0.306583762 0.848213356
875 0.835089575 0.0392349481 -0.548713059 -0.189210235 -0.526130079 0.348273077 -0.775817636 -0.158529133 0.160662821 0.936571664 0.311481902 0.847906067
878 0.842965034 0.053304581 -0.535321 -0.200608315 -0.518855973 0.343439038 -0.782839771 -0.17222499 0.142121183 0.937661052 0.317164501 0.847532702
879 0.838587831 0.0548509609 -0.541997991 -0.203833791 -0.525671997 0.34257804 -0.778658615 -0.177068153 0.142966436 0.937886805 0.316115389 0.847506804
881 0.8278568 0.0471200121 -0.558956906 -0.20887601 -0.538774595 0.344137919 -0.768954503 -0.187799868 0.156125121 0.937735996 0.310283982 0.847943045
884 0.832853629 0.046829208 -0.551508711 -0.219091375 -0.531644113 0.344879776 -0.773571249 -0.203710835 0.153978472 0.937477981 0.312130846 0.847902677
886 0.832499776 0.0554506319 -0.551243458 -0.227221647 -0.53445599 0.342488929 -0.772695366 -0.213667247 0.145948335 0.937884087 0.314757879 0.847840916
887 0.826903259 0.0558835762 -0.559560565 -0.230510289 -0.542097515 0.343816534 -0.766759725 -0.219130435 0.149536899 0.937372507 0.314597361 0.847802361
889 0.814480691 0.0464875693 -0.578325263 -0.236086355 -0.55537213 0.35088768 -0.753949357 -0.231146386 0.167877937 0.935262927 0.31160914 0.848058987
892 0.822611728 0.0397769182 -0.567210492 -0.246149081 -0.542079557 0.355981613 -0.761200923 -0.248447942 0.171638279 0.933646019 0.314396904 0.847776798
894 0.832648111 0.0472179302 -0.551785819 -0.255193873 -0.53154119 0.347791712 -0.772337289 -0.258860776 0.155438366 0.936382076 0.314686387 0.847341879
896 0.829053028 0.0473648727 -0.557160341 -0.263011911 -0.537696459 0.341005839 -0.771101508 -0.269810492 0.153471805 0.938867183 0.308179848 0.847233774
898 0.815945722 0.037372544 -0.576919294 -0.268999231 -0.552514658 0.34415144 -0.759135916 -0.282299275 0.170176766 0.938170069 0.301457774 0.847021763
901 0.823077044 0.0301221903 -0.567130349 -0.280206313 -0.541433327 0.343074198 -0.767561103 -0.300369963 0.171447168 0.938825196 0.298685655 0.847226877
902 0.831293678 0.0359313328 -0.554670857 -0.28536861 -0.532262552 0.338979079 -0.775751094 -0.305835899 0.160148046 0.940107506 0.300916069 0.84693142
904 0.838875725 0.0478987722 -0.542211421 -0.295174513 -0.525464877 0.331189192 -0.783709374 -0.316678816 0.142035846 0.942347827 0.302995696 0.846392191
906 0.830477107 0.0418139824 -0.555481202 -0.302306972 -0.536600538 0.327772925 -0.777576216 -0.328935036 0.14955814 0.943830758 0.294645316 0.846486483
908 0.818260536 0.0250130414 -0.574303094 -0.30770774 -0.548531955 0.332791812 -0.767047785 -0.342319585 0.171937169 0.94266853 0.286030859 0.846430135
911 0.826165781 0.0154970264 -0.563213942 -0.319086837 -0.535499788 0.332408693 -0.776366175 -0.361647928 0.175185844 0.943008114 0.282923342 0.846351759
913 0.840161913 0.0234517772 -0.541828362 -0.328870781 -0.519104672 0.324046608 -0.790900838 -0.372872866 0.157029613 0.945750395 0.284425546 0.845909145
916 0.843969404 0.0154878609 -0.53616767 -0.340056442 -0.512925238 0.315725251 -0.798263907 -0.391332517 0.156918272 0.948724244 0.274406567 0.845789025
918 0.843237295 0.00119029523 -0.537540182 -0.345822002 -0.509719839 0.319316089 -0.798888553 -0.404764464 0.170694316 0.947647518 0.269865953 0.84575984
920 0.850423041 -0.00797925479 -0.526038955 -0.352338705 -0.495841517 0.322050079 -0.806489266 -0.417825055 0.175846071 0.946689008 0.269922362 0.845829296
923 0.871852613 -0.00884084221 -0.489688535 -0.363660577 -0.461969666 0.317209787 -0.828228217 -0.436043617 0.162656231 0.948314184 0.27247598 0.845862274
926 0.886081828 -0.0101282192 -0.463418183 -0.373732802 -0.436595387 0.317591834 -0.841736239 -0.454766957 0.15570312 0.948173426 0.276990419 0.846029527
928 0.890580408 -0.0175003246 -0.454489027 -0.379004899 -0.425273436 0.322279378 -0.845741395 -0.468021779 0.16127319 0.946482827 0.279573277 0.846591271
930 0.898203179 -0.0214655512 -0.439056122 -0.384599742 -0.409126174 0.324475252 -0.852837373 -0.481172625 0.16076947 0.945650592 0.282662584 0.846794892
933 0.909407627 -0.0187101751 -0.415484895 -0.394091766 -0.388137941 0.320723489 -0.863993855 -0.49957376 0.149421241 0.946988053 0.284406258 0.846759372
934 0.910495889 -0.0201180994 -0.413028446 -0.396807042 -0.385201027 0.321992311 -0.864835892 -0.506147554 0.150390838 0.946528507 0.285423163 0.846940409
936 0.911017354 -0.0297483758 -0.411293588 -0.400640718 -0.379508732 0.329673221 -0.864458611 -0.519337435 0.161308721 0.943626304 0.289048257 0.847342167
939 0.919203617 -0.0443280167 -0.391279616 -0.406308874 -0.354597424 0.338933894 -0.871426694 -0.53860745 0.171246541 0.939765312 0.295830661 0.84802852
942 0.936895554 -0.0458871061 -0.346584902 -0.414111658 -0.312763716 0.332974022 -0.889554472 -0.556901573 0.156222849 0.941818812 0.297610059 0.848712177
944 0.943359436 -0.0521518876 -0.327647913 -0.418061496 -0.293711235 0.328002023 -0.897857663 -0.569386145 0.15429415 0.943236372 0.294106208 0.849331096
945 0.945880596 -0.0575958134 -0.319362835 -0.419460647 -0.284008649 0.329195178 -0.900538518 -0.575961159 0.156999954 0.942503717 0.295021622 0.849724257
947 0.952165786 -0.0661963247 -0.298325935 -0.422178134 -0.260681441 0.333458651 -0.90600801 -0.588845851 0.159453764 0.940437863 0.300251765 0.850345969
948 0.956541893 -0.0664662678 -0.283918723 -0.42417732 -0.246807793 0.333972837 -0.909696685 -0.595699035 0.155285285 0.940236342 0.303054617 0.85075027
950 0.965141328 -0.064204328 -0.253732183 -0.428420193 -0.219032733 0.332545314 -0.917299447 -0.608397965 0.143272043 0.94089926 0.306890377 0.85162286
953 0.973145975 -0.0699175406 -0.219313587 -0.432526247 -0.184421691 0.333342491 -0.924592572 -0.627745585 0.137751776 0.940209722 0.311496592 0.853039833
954 0.97417609 -0.0756525705 -0.212738419 -0.432994949 -0.176105214 0.335082777 -0.925584403 -0.634078681 0.141307819 0.939146539 0.313106817 0.853517244
956 0.975609635 -0.0872552392 -0.201425828 -0.433727186 -0.160975514 0.339467333 -0.926740964 -0.647012251 0.149240493 0.936562039 0.317141644 0.854421666
957 0.977091885 -0.0914501467 -0.192167425 -0.434298619 -0.150278879 0.342882781 -0.927279708 -0.653350271 0.150690767 0.934916183 0.321284957 0.854693645
959 0.981568996 -0.0917263283 -0.167656157 -0.436504223 -0.125985992 0.349075314 -0.928587075 -0.666022345 0.143700508 0.93259461 0.331085273 0.855386505
961 0.984286899 -0.0898725656 -0.151994153 -0.438785495 -0.111596817 0.350461017 -0.929904955 -0.678576158 0.13684097 0.932255329 0.334924695 0.856184934
963 0.983399925 -0.0985229224 -0.15237395 -0.439226972 -0.108793021 0.351924614 -0.929684433 -0.690715825 0.145219371 0.930828824 0.335364033 0.857081032
965 0.980647224 -0.114309013 -0.158948014 -0.438368198 -0.109481663 0.352884654 -0.929239574 -0.703378579 0.162310774 0.928658102 0.333540616 0.85845302
966 0.980256793 -0.119522672 -0.157514923 -0.438310254 -0.106235058 0.353515127 -0.929376763 -0.709707964 0.166765502 0.927761492 0.333838107 0.858913349
967 0.980940517 -0.12154163 -0.151602553 -0.438808314 -0.099676209 0.354980621 -0.929544734 -0.716117074 0.16679435 0.92693926 0.336100065 0.859285276
969 0.984376766 -0.114909594 -0.133409772 -0.44134241 -0.0841466043 0.358547847 -0.929711133 -0.728579347 0.154666515 0.926412018 0.343276918 0.859999958
971 0.986648876 -0.10695324 -0.122821011 -0.443871484 -0.0766978653 0.360137501 -0.929741049 -0.740924287 0.143671269 0.92674807 0.347126175 0.860831547
974 0.983879555 -0.115661774 -0.136394193 -0.444138763 -0.0857939174 0.363914589 -0.927472682 -0.759399303 0.156908972 0.924223201 0.348125048 0.862515902
976 0.981993263 -0.124600092 -0.142000168 -0.443830104 -0.0882516276 0.362039822 -0.927975656 -0.771731902 0.167035567 0.923797589 0.344524505 0.863542829
979 0.986112682 -0.115701603 -0.119142425 -0.447213594 -0.0697719963 0.362390994 -0.929410908 -0.79035802 0.150710474 0.924816688 0.349285623 0.86451315
981 0.988239283 -0.10555707 -0.110638259 -0.449911478 -0.0655424657 0.361300151 -0.930143207 -0.802515916 0.138156812 0.926455561 0.350132531 0.865115755
983 0.986539986 -0.108885309 -0.121995271 -0.450314158 -0.0750605817 0.361266448 -0.929436637 -0.814921059 0.145274794 0.926083443 0.348230802 0.866394957
985 0.983397052 -0.120381464 -0.135788591 -0.449512102 -0.0837428798 0.36278866 -0.928101028 -0.827591932 0.160988722 0.924063143 0.346684208 0.867650138
987 0.984208491 -0.119836419 -0.130280004 -0.45067872 -0.0777664639 0.36843746 -0.926394201 -0.84042809 0.159015797 0.921896453 0.353300022 0.868797626
989 0.988669715 -0.104597203 -0.107664382 -0.45431599 -0.0619428834 0.369044361 -0.927345318 -0.853236866 0.13673066 0.923507274 0.358383931 0.869857935
991 0.990693897 -0.0916151893 -0.100659127 -0.457344829 -0.0600178396 0.369721109 -0.92720233 -0.866006609 0.122161621 0.924615033 0.360781901 0.870569321
993 0.987198136 -0.0974667566 -0.126253998 -0.457175311 -0.081625469 0.371331703 -0.924905427 -0.878925438 0.137029644 0.923370455 0.358622195 0.871564766
994 0.984115793 -0.105117813 -0.143060657 -0.456360918 -0.0943476474 0.37293968 -0.923046324 -0.885524418 0.150381607 0.921881902 0.35709821 0.872084897
996 0.981709754 -0.115308628 -0.151492178 -0.455847595 -0.0983796366 0.373998887 -0.922196443 -0.898351419 0.162995112 0.920232988 0.355814334 0.87285155
998 0.986236906 -0.105882884 -0.126986538 -0.458967993 -0.0793437904 0.370734172 -0.925343577 -0.910780961 0.145056295 0.92268358 0.357230574 0.87343266
1000 0.989944371 -0.0884694778 -0.11037796 -0.463187253 -0.070699959 0.366406375 -0.927764994 -0.923152141 0.122522073 0.926239451 0.35646714 0.873630068
1003 0.984289834 -0.100540917 -0.145138024 -0.462899743 -0.100042201 0.359750408 -0.92766977 -0.941747302 0.145482233 0.927615852 0.344040335 0.875081428
1005 0.980553502 -0.116784455 -0.157721973 -0.461509492 -0.107153554 0.3547115 -0.928815303 -0.954403754 0.164416986 0.927653568 0.335299734 0.876439645
1007 0.984681282 -0.107120582 -0.1375789 -0.464798759 -0.091897865 0.351717957 -0.931584275 -0.966898501 0.14818082 0.929956805 0.336485936 0.877505464
1009 0.988351607 -0.0880230481 -0.124149281 -0.469443719 -0.0858272617 0.351277318 -0.932329302 -0.979620792 0.125677293 0.932124556 0.339630725 0.878105996
1010 0.987588315 -0.0872732238 -0.130586007 -0.470246083 -0.0919826853 0.352553653 -0.931259957 -0.986120682 0.127312632 0.931713103 0.340150242 0.878631177
1013 0.977513727 -0.117527557 -0.175083369 -0.467245658 -0.12236868 0.360033865 -0.924879193 -1.00595594 0.171734734 0.925506828 0.337556354 0.880781553
1014 0.976383108 -0.124677454 -0.176441376 -0.466912098 -0.121108285 0.360447719 -0.924883898 -1.01249435 0.178910061 0.924409528 0.336835591 0.881285308
1016 0.981044575 -0.11860883 -0.153243227 -0.469798396 -0.101983 0.356415508 -0.928745096 -1.02531074 0.164775632 0.926768542 0.337563416 0.882241619
