0 0.999999996 2.47016292e-05 -8.17958248e-05 2.70821579e-05 -2.47314865e-05 0.999999933 -0.000365041246 2.79489699e-05 8.17868022e-05 0.000365043267 0.99999993 -0.000235754772
161 0.999993541 0.000326165773 -0.00357945615 -0.00129043781 -0.000323878032 0.999999743 0.000639692041 0.0175563787 0.00357966387 -0.000638528602 0.999993389 0.00719885133
162 0.999995319 -8.74196168e-06 -0.00305974469 -0.0018139991 6.29016069e-06 0.999999679 -0.000801317713 0.018526096 0.00305975072 0.000801294716 0.999994998 0.00802035332
164 0.999991487 0.000233523101 -0.00411967426 -0.00190072195 -0.000243635265 0.999996959 -0.00245427171 0.0191733254 0.0041190886 0.00245525451 0.999988502 0.00828128149
167 0.999992968 9.17779247e-05 -0.00374896753 -0.0018671663 -0.000106837688 0.999991926 -0.00401704022 0.0214109176 0.00374856858 0.0040174125 0.999984904 0.00917413118
172 0.999969084 0.000650920552 -0.00783625967 -0.0016416106 -0.0007463686 0.999925499 -0.0121835508 0.0239957269 0.00782774534 0.0121890229 0.999895072 0.0100618617
179 0.999972751 0.000533630388 -0.00736293786 -0.00220357894 -0.000655285661 0.999863153 -0.0165301466 0.0289402423 0.00735310928 0.016534521 0.999836257 0.0122971512
186 0.999987546 -0.000140089081 -0.0049888118 -0.0021797902 3.74554701e-05 0.999788478 -0.0205669104 0.0318414035 0.00499063776 0.0205664674 0.999776032 0.0135079362
197 0.999990298 -0.000810656237 -0.00432964513 -0.00196896783 0.000699751935 0.999673161 -0.0255554746 0.0351762789 0.00434894674 0.025552197 0.99966403 0.0147578864
206 0.999982746 -0.000293666323 -0.00586692421 -0.00236678147 0.000148235381 0.999693082 -0.0247733502 0.0378522097 0.00587239865 0.0247720531 0.999675878 0.0160433013
213 0.999981137 -0.000553608043 -0.00611708795 -0.002137328 0.000373258391 0.999566337 -0.0294448297 0.0393444664 0.00613073609 0.029441991 0.999547689 0.0167382956
222 0.999940332 -2.59326709e-05 -0.0109239071 -0.00204902611 -0.000345472279 0.999421909 -0.0339960184 0.0415384012 0.0109184736 0.0339977638 0.999362266 0.0177374921
231 0.999919347 0.000239503078 -0.0126981531 -0.00215580855 -0.000681345351 0.999393964 -0.0348028934 0.04351791 0.0126821221 0.0348087382 0.999313522 0.0186098009
240 0.999933519 -3.71471198e-05 -0.0115306517 -0.00214204617 -0.000386738145 0.999324151 -0.0367571982 0.0444733154 0.0115242241 0.0367592139 0.999257701 0.0189904583
251 0.99993253 -0.000390699686 -0.0116095982 -0.00207121275 -5.81753082e-05 0.999253246 -0.0386386596 0.0435071017 0.0116160248 0.038636728 0.999185804 0.0184500732
262 0.999905566 0.000458338776 -0.013734953 -0.00206401509 -0.000933773838 0.999399815 -0.0346285839 0.0403934495 0.0137108378 0.0346381391 0.999305865 0.0172320819
271 0.999916597 0.000343124398 -0.0129104816 -0.00219793369 -0.000779481605 0.999428014 -0.0338088441 0.0396489342 0.0128914963 0.0338160878 0.999344926 0.0168798301
280 0.999891814 0.000644035818 -0.0146950725 -0.00213875186 -0.00116982611 0.999358306 -0.0357995518 0.0404659389 0.0146625865 0.0358128695 0.999250943 0.0171786838
289 0.999884899 0.000612409859 -0.0151595889 -0.00237174714 -0.00115425119 0.999359755 -0.0357595825 0.0413167296 0.0151279835 0.0357729645 0.999245435 0.0175547411
300 0.999890624 0.00045849179 -0.0147827325 -0.00191440893 -0.00102375016 0.999267566 -0.0382528882 0.0391118951 0.0147543665 0.0382638381 0.99915874 0.0165214451
313 0.999921419 0.000581937633 -0.0125226553 -0.002027492 -0.000951214879 0.999564239 -0.0295030148 0.0347268353 0.0125000295 0.0295126082 0.999486246 0.0146597073
322 0.999910794 0.000722023375 -0.0133372472 -0.00200300796 -0.00108105546 0.999636685 -0.0269319424 0.0358982492 0.0133129561 0.0269439583 0.999548292 0.0149578832
333 0.999852728 0.000772768233 -0.0171442484 -0.00199561541 -0.00139077394 0.999348485 -0.0360648274 0.0407523214 0.0171052089 0.0360833598 0.999202383 0.0171425127
344 0.999856131 0.000434327481 -0.0169566596 -0.00119111894 -0.00110668163 0.999212536 -0.0396621131 0.0420708553 0.0169260805 0.0396751726 0.999069261 0.0175643033
355 0.99984511 0.00108015085 -0.0175667085 -0.00188759639 -0.00168376284 0.999407321 -0.0343827286 0.0389165249 0.0175191585 0.0344069813 0.999254341 0.016305033
364 0.999862055 0.00119562872 -0.0165662676 -0.00181586806 -0.00172339296 0.999490211 -0.0318802062 0.035998103 0.0165197054 0.0319043587 0.999354397 0.0150087124
375 0.999881469 0.000918507959 -0.015368949 -0.00160230525 -0.00138446318 0.999538834 -0.030334846 0.0355945386 0.0153339986 0.0303525281 0.999421629 0.0148717937
386 0.999845662 0.00118040562 -0.0175288208 -0.00171510861 -0.00176484763 0.999441714 -0.0333638322 0.0367237163 0.0174796519 0.0333896186 0.999289545 0.0153779118
399 0.999834319 0.0012421641 -0.0181601845 -0.00142887311 -0.00186678376 0.99940576 -0.0344186212 0.034733457 0.0181066395 0.0344468198 0.999242496 0.0143072384
408 0.999870836 0.00137542721 -0.0160131255 -0.0016404438 -0.00180686987 0.999634884 -0.0269598502 0.032045867 0.0159701976 0.0269853016 0.999508252 0.0131141062
417 0.999870642 0.0014016866 -0.0160229249 -0.00145810109 -0.00181302444 0.999668411 -0.0256862028 0.0315803406 0.0159816078 0.0257119301 0.999541637 0.0129192507
422 0.999872307 0.00136875665 -0.0159215851 -0.00158854345 -0.0017688374 0.999682342 -0.0251413212 0.0326674713 0.0158821151 0.0251662735 0.99955711 0.0133823484
423 0.999872534 0.0013679942 -0.015907396 -0.00163028438 -0.00176851341 0.999681081 -0.0251914304 0.03330099 0.0158678611 0.0252163517 0.999556075 0.0135317161
425 0.999873335 0.00133969398 -0.0158593814 -0.00172572954 -0.00174735415 0.99966769 -0.0257187856 0.0334883491 0.0158196558 0.0257432399 0.999543408 0.0138060329
426 0.999875029 0.00121944636 -0.0157619527 -0.00162225205 -0.00164704875 0.999630168 -0.0271443235 0.0336183139 0.0157230223 0.027166892 0.999507252 0.0138627752
428 0.999864293 0.00118740226 -0.0164312512 -0.00155867146 -0.00166399567 0.999577385 -0.0290220992 0.0341939055 0.0163898462 0.0290455022 0.999443711 0.0141336681
429 0.99986493 0.00118958025 -0.016392247 -0.00184151841 -0.00165807724 0.999589661 -0.0285965167 0.0347311458 0.0163515028 0.0286198338 0.999456619 0.0142945953
432 0.999865564 0.00129093458 -0.0163458507 -0.00178308872 -0.00174690325 0.999608869 -0.0279115943 0.0356676926 0.0163034253 0.0279363966 0.999476741 0.0148183215
433 0.999865034 0.00131927804 -0.0163759762 -0.00174346661 -0.00177339271 0.999613403 -0.0277470693 0.0361531168 0.0163330392 0.0277723654 0.999480829 0.0149507612
436 0.999864241 0.00106654333 -0.0164426975 -0.0017040519 -0.00158195758 0.999506745 -0.0313650215 0.0367956396 0.0164011349 0.0313867751 0.99937274 0.0151221375
437 0.99985973 0.00101559998 -0.0167178947 -0.00163693395 -0.00156844067 0.999451179 -0.0330889791 0.0365406248 0.0166751144 0.0331105587 0.999312579 0.0151231725
450 0.999823267 0.0014265204 -0.0187456428 -0.00148716604 -0.00205375881 0.999437145 -0.0334839606 0.0347547684 0.0186873261 0.0335165419 0.999263441 0.014232764
461 0.999863598 0.00150927394 -0.016447128 -0.00144256893 -0.00192754247 0.999674365 -0.0254449944 0.0306589927 0.0164033688 0.0254732262 0.999540917 0.0124526553
474 0.999871859 0.00161495156 -0.0159265984 -0.00148356442 -0.00193975805 0.999790024 -0.0203996497 0.0308473855 0.0158903098 0.0204279294 0.999665043 0.0124633204
483 0.999865769 0.00114067671 -0.0163445333 -0.00154294325 -0.00160728263 0.999590688 -0.028563499 0.0354144662 0.0163052615 0.0285859352 0.999458345 0.0144365702
490 0.999842571 0.00125191384 -0.0176993246 -0.00150641338 -0.00182527102 0.999472818 -0.0324153513 0.0380595526 0.0176494126 0.0324425542 0.999317757 0.015651642
499 0.999792856 0.00147127962 -0.0202997553 -0.00148081102 -0.00220050316 0.999351263 -0.0359473393 0.0371045904 0.0202336975 0.0359845627 0.999147491 0.0152059823
510 0.999837579 0.00154852327 -0.0179559814 -0.00123790843 -0.00206145606 0.9995893 -0.0285828956 0.0307514579 0.0179043456 0.0286152686 0.999430138 0.0124005399
519 0.999832447 0.00204522152 -0.018190542 -0.000963313537 -0.00241420031 0.999791317 -0.0202853267 0.0271061417 0.0181452579 0.0203258434 0.999628736 0.010857358
530 0.999805131 0.0024749092 -0.0195850625 -0.0014797724 -0.00280977634 0.999850023 -0.0170890844 0.0283593587 0.0195398313 0.017140784 0.999662137 0.0114862221
543 0.999842891 0.00141646197 -0.0176688085 -0.00151303994 -0.00194147726 0.999556004 -0.0297325751 0.0357455752 0.0176188485 0.0297622074 0.999401715 0.0146249805
554 0.999785238 0.00161065953 -0.020661161 -0.00149609101 -0.00230739477 0.999427893 -0.0337425942 0.0367190668 0.0205949928 0.0337830211 0.99921697 0.0150575415
565 0.999829397 0.00190238781 -0.018372743 -0.001664979 -0.00233933915 0.99971423 -0.0237904535 0.0330870252 0.018322234 0.0238293748 0.999548126 0.0133892002
578 0.999839429 0.00170857864 -0.0178380519 -0.00148108559 -0.00213929296 0.999705943 -0.0241547244 0.0316276834 0.0177915363 0.0241890067 0.999549075 0.0128149758
589 0.999834992 0.00157822667 -0.0180969311 -0.00163378312 -0.00208114203 0.999611199 -0.0278050222 0.0344167362 0.0180460123 0.0278380965 0.999449539 0.0139828684
602 0.999794722 0.00186979368 -0.0201746755 -0.00116743038 -0.00251501842 0.999484574 -0.0320040935 0.0353673843 0.0201044359 0.0320482635 0.999284104 0.014430163
606 0.999797097 0.00180308093 -0.0200627674 -0.00151508025 -0.00242433796 0.999516923 -0.0309845665 0.0351927859 0.0199972079 0.0310269186 0.999318489 0.0143215817
607 0.999797033 0.00180299452 -0.0200659655 -0.00149321158 -0.00240602158 0.999544936 -0.0300687845 0.0352150126 0.0200026203 0.0301109607 0.999346399 0.0142727049
618 0.999830996 0.00165059203 -0.0183099632 -0.00148455348 -0.00216591389 0.999601073 -0.028160312 0.0329433535 0.0182561777 0.0281952106 0.999435712 0.0132352944
629 0.99983415 0.0017659297 -0.0181260676 -0.00133647426 -0.00222579855 0.999675351 -0.025381843 0.0330977101 0.0180753604 0.0254179784 0.999513486 0.0133235198
642 0.999828027 0.00161768486 -0.0184742792 -0.00144853029 -0.00215521666 0.999573789 -0.0291134842 0.0343974367 0.0184193088 0.0291482935 0.999405376 0.013902858
643 0.9998242 0.00159533092 -0.0186821779 -0.00140786051 -0.00215662771 0.999545679 -0.0300630072 0.0340798261 0.0186257297 0.0300980127 0.9993734 0.0138124099
656 0.999826353 0.00187449516 -0.0185405043 -0.00108251493 -0.00235864227 0.999655885 -0.0261256422 0.0287716733 0.0184851518 0.026164836 0.999486719 0.0114672264
665 0.999802339 0.00248257405 -0.0197261373 -0.00049935097 -0.00288240161 0.99979046 -0.0202664119 0.0243808355 0.0196716911 0.0203192647 0.999599996 0.00976469515
678 0.999745902 0.00273691709 -0.0223750222 -0.000584267853 -0.00316005105 0.999816431 -0.0188975639 0.0211510316 0.0223191938 0.0189634683 0.999571028 0.00847184866
689 0.999673383 0.00330268719 -0.0253420516 -0.000838666208 -0.00369440974 0.999874184 -0.0154261947 0.0218276206 0.0252879153 0.0155147802 0.99955981 0.00908385391
700 0.999647558 0.0043793397 -0.0261835922 -0.001075729 -0.00452891175 0.99997375 -0.00565586381 0.0257992463 0.026158136 0.00577245363 0.999641151 0.0105259604
713 0.999801635 0.00227940777 -0.0197862545 -0.00190107423 -0.00269904003 0.999771452 -0.0212075417 0.0609583899 0.0197333918 0.0212567387 0.999579284 0.023873388
728 0.999707345 0.0005314349 -0.0241855622 -0.00273579194 -0.00309201901 0.994365712 -0.105958813 0.160494665 0.0239929836 0.106002586 0.994076349 0.0689648626
743 0.999552935 0.00661661371 -0.0291573509 0.00645491107 -0.0145596855 0.959482374 -0.281392233 0.273155124 0.0261141006 0.281690955 0.959149759 0.188753637
752 0.998496855 0.0217629736 -0.0503031258 0.0305337391 -0.0377499973 0.938463742 -0.343308525 0.278209042 0.0397362452 0.344691425 0.937874646 0.24551124
763 0.988115537 0.051826611 -0.144712432 0.0606782594 -0.104204039 0.917948349 -0.382769312 0.273556937 0.113000902 0.393299924 0.912439568 0.322060885
768 0.983540174 0.0673609544 -0.167664033 0.0663880591 -0.129718679 0.90918458 -0.395672168 0.267959111 0.125784699 0.41090863 0.902957534 0.357544059
773 0.977400649 0.0755237412 -0.197444008 0.07453915 -0.15129528 0.902231234 -0.403842219 0.259808504 0.147640476 0.424587993 0.893267779 0.391523529
777 0.969865182 0.0970053593 -0.223498298 0.0760560843 -0.184029213 0.892834483 -0.411071569 0.251496756 0.159670842 0.439814218 0.883780898 0.418308312
781 0.962529612 0.107368759 -0.249015453 0.0789524884 -0.209105937 0.878542715 -0.429461761 0.243451585 0.172659935 0.465440272 0.868074824 0.44824058
788 0.940487086 0.110251361 -0.321447786 0.0859395964 -0.250495037 0.864122156 -0.43651476 0.226548043 0.229643807 0.491057569 0.840313147 0.499544082
793 0.930011231 0.111147258 -0.350321847 0.0883911194 -0.272432073 0.848276926 -0.454100235 0.211381624 0.246697943 0.517757225 0.819187146 0.538563602
798 0.923591004 0.111606533 -0.366774644 0.0887205443 -0.289127981 0.831021741 -0.475192462 0.194132891 0.25176312 0.544928295 0.799792776 0.577643156
803 0.915925546 0.114495094 -0.384670335 0.085927429 -0.308929156 0.812967824 -0.493605201 0.176875227 0.256209232 0.570941495 0.779988871 0.616410777
807 0.907519992 0.111672462 -0.404891004 0.0819425952 -0.327112646 0.792590621 -0.514584711 0.161951869 0.26344787 0.599440881 0.755821308 0.646756773
812 0.902071449 0.11351081 -0.416392119 0.0734019866 -0.345133026 0.769009098 -0.538059663 0.141620832 0.25913374 0.629078932 0.732877481 0.678981391
819 0.890331138 0.118351198 -0.439662891 0.0608563657 -0.378004035 0.730427014 -0.568849125 0.11201856 0.253817677 0.672658436 0.695059145 0.720624941
826 0.87694832 0.115136697 -0.466588882 0.0463305368 -0.408672245 0.68952798 -0.597944948 0.0851316927 0.252880683 0.715048744 0.651733576 0.754805676
830 0.870875945 0.117252388 -0.477312231 0.0388266576 -0.421655164 0.677229829 -0.602964908 0.0703849314 0.252551005 0.726368802 0.639223243 0.770540864
833 0.866423009 0.11903864 -0.484913366 0.0332065094 -0.431699191 0.666578929 -0.607707446 0.0607052791 0.250892364 0.735868421 0.628928206 0.780241322
838 0.857030319 0.120328279 -0.501019099 0.023915529 -0.448183723 0.653827432 -0.609623686 0.0446397975 0.254225062 0.747014587 0.614279109 0.796132469
840 0.85458105 0.120273504 -0.505198488 0.0200949355 -0.454088989 0.645083089 -0.614549428 0.0386654997 0.251980988 0.754587366 0.605890657 0.801911418
841 0.852196189 0.120022414 -0.509270337 0.0184813771 -0.458480806 0.640280695 -0.616308349 0.0361519928 0.252105149 0.758706301 0.600672742 0.804469796
846 0.845829731 0.114277551 -0.521068813 0.0097707007 -0.468167847 0.627253058 -0.622392536 0.0216805148 0.255716512 0.770385776 0.58405036 0.817571163
850 0.846574342 0.126326142 -0.517062462 0.00234596763 -0.474871588 0.618063249 -0.62649405 0.0112788422 0.240434729 0.77591206 0.583225184 0.8248112
855 0.832562415 0.123117585 -0.540075814 -0.00474396734 -0.490988092 0.615416707 -0.6165979 -0.00110452866 0.256457635 0.778527031 0.572822088 0.83357958
859 0.83045442 0.130383128 -0.541613973 -0.0113262158 -0.496197897 0.615082472 -0.612748888 -0.011265057 0.253245145 0.777607737 0.575493792 0.840000854
862 0.836569146 0.143596027 -0.52870809 -0.0167639538 -0.494219249 0.614263005 -0.615165258 -0.0181101818 0.236430533 0.77592599 0.584841398 0.844510471
867 0.82085471 0.140430461 -0.553603496 -0.0233373517 -0.509481187 0.61811051 -0.59863872 -0.0299346854 0.258121028 0.773445979 0.578925602 0.851912124
872 0.816431028 0.1479243 -0.558174505 -0.0317679005 -0.519114231 0.61137881 -0.597274113 -0.0411278074 0.25290471 0.777389447 0.57593824 0.859394168
877 0.826109529 0.153569888 -0.542180169 -0.040876782 -0.512232155 0.605660909 -0.608927814 -0.0535877619 0.234864358 0.780763186 0.579005683 0.866804004
882 0.805441309 0.14916288 -0.573598058 -0.0482516419 -0.536422108 0.595012732 -0.598507452 -0.0642123146 0.252023053 0.789753306 0.559262101 0.873415074
887 0.799270339 0.160517591 -0.579138177 -0.0587582251 -0.549537416 0.585284151 -0.596197191 -0.0767451367 0.243260259 0.794780828 0.556010684 0.880511359
890 0.784286998 0.149250833 -0.602177792 -0.063131925 -0.560079197 0.587817268 -0.583765494 -0.0837220546 0.266843019 0.795106941 0.544609727 0.884501545
894 0.802841841 0.156115946 -0.575389251 -0.0706842928 -0.547076948 0.576502797 -0.606919548 -0.0913273248 0.236963693 0.802042603 0.548248002 0.88791918
901 0.790227311 0.143783503 -0.595707228 -0.082341526 -0.559559195 0.56565507 -0.605745697 -0.106954346 0.249868576 0.81201025 0.527451466 0.894055294
905 0.798065035 0.161708891 -0.580467428 -0.0918081282 -0.562811499 0.544166621 -0.622194426 -0.116350149 0.215256629 0.82324536 0.525291977 0.897959296
908 0.77876411 0.143264863 -0.610738602 -0.0956429305 -0.57675741 0.546438841 -0.607252405 -0.123644694 0.246733361 0.825154393 0.508176028 0.900251686
912 0.799860242 0.137151865 -0.584305536 -0.102066102 -0.552712067 0.547805677 -0.628027316 -0.130921716 0.233950773 0.825286802 0.513973472 0.902117107
915 0.805755171 0.14328341 -0.574655087 -0.1089303 -0.553475626 0.527481473 -0.644537065 -0.138242338 0.210768443 0.837396657 0.504324799 0.905174546
918 0.809005929 0.121832936 -0.575035776 -0.112060788 -0.540936687 0.537093954 -0.64723843 -0.144417707 0.22999328 0.834677675 0.500416098 0.906520541
920 0.814472705 0.115792844 -0.568529885 -0.115672393 -0.533490894 0.53466154 -0.655381189 -0.150119015 0.228082612 0.837095607 0.497241659 0.908724188
923 0.838101245 0.114614112 -0.533338455 -0.120705051 -0.505480985 0.530788456 -0.680259208 -0.156399889 0.20512259 0.839718537 0.50278972 0.910884072
928 0.858145616 0.109009491 -0.501700142 -0.128059987 -0.477111128 0.530217816 -0.700880903 -0.168161198 0.189607684 0.840824594 0.507013735 0.915438536
931 0.869155485 0.108212434 -0.482554465 -0.132416721 -0.46166813 0.527348342 -0.713278531 -0.175885704 0.177288692 0.842729966 0.508305936 0.918064981
934 0.879968191 0.106663022 -0.462902779 -0.136531824 -0.444252793 0.529849113 -0.722426034 -0.182199492 0.168212483 0.841357782 0.513635711 0.919811756
936 0.878899372 0.100214334 -0.466361428 -0.138837759 -0.443083834 0.533623831 -0.720362633 -0.188009047 0.17667091 0.839763475 0.513405001 0.921753564
938 0.885602651 0.0889008199 -0.455855885 -0.140782424 -0.426951695 0.542168877 -0.723716214 -0.192919253 0.182811908 0.835553441 0.518102551 0.923341305
941 0.904476884 0.0855131765 -0.417862493 -0.144798321 -0.394230628 0.541549764 -0.742499875 -0.200422859 0.162799812 0.836308167 0.523531156 0.925721373
944 0.91934706 0.0772173124 -0.385795891 -0.148126776 -0.364639216 0.535518968 -0.761746465 -0.207229781 0.147781002 0.840985685 0.520484249 0.928024706
946 0.927183115 0.0667217867 -0.368618602 -0.149733509 -0.344305816 0.539487151 -0.768379541 -0.212332078 0.147597344 0.839346065 0.523176077 0.929700217
949 0.942178241 0.0644021116 -0.328865521 -0.152765102 -0.309844844 0.541253604 -0.78169093 -0.219817979 0.127657102 0.838389471 0.52991203 0.932215409
952 0.954706198 0.0646035856 -0.290452153 -0.155794143 -0.278182378 0.540212966 -0.794219438 -0.227272262 0.105596596 0.83904489 0.533716246 0.934741526
957 0.966564045 0.039768129 -0.253322802 -0.158250379 -0.23255521 0.55216956 -0.800641525 -0.240076179 0.108037125 0.832782849 0.542955529 0.938970032
961 0.976265712 0.0414216071 -0.212578245 -0.161135749 -0.199016982 0.558733308 -0.805114484 -0.25002635 0.08542541 0.828312345 0.553715774 0.942245095
965 0.975426442 0.0174253066 -0.219635187 -0.161912113 -0.191069228 0.563277456 -0.803872538 -0.259930045 0.109707824 0.826084055 0.552765165 0.94559303
968 0.97906928 0.0126784149 -0.203131982 -0.163326503 -0.174335695 0.567267754 -0.804869158 -0.267423172 0.105025758 0.823435822 0.557604732 0.948036039
975 0.979582798 0.0111504559 -0.200731685 -0.16672474 -0.170842105 0.57248508 -0.801918829 -0.284458612 0.105974134 0.819839314 0.562701503 0.953805305
982 0.984357675 0.0267051468 -0.174145924 -0.171208115 -0.158115994 0.569905614 -0.806354093 -0.301402378 0.0777129355 0.821276096 0.565213476 0.95928367
986 0.980639371 0.0100845455 -0.195562589 -0.171912837 -0.165622117 0.575541437 -0.80082543 -0.311461063 0.104478413 0.817710436 0.566068816 0.962741843
991 0.986447281 0.0410922035 -0.158849593 -0.176372826 -0.153290843 0.576051868 -0.802911055 -0.323780888 0.0585122203 0.816379615 0.574543858 0.967052549
992 0.985063239 0.0398615076 -0.1675156 -0.176792567 -0.15960308 0.576512339 -0.8013491 -0.326326322 0.0646318273 0.816115545 0.574263131 0.967909828
996 0.977752828 0.017710467 -0.209011355 -0.177096227 -0.180042667 0.582131184 -0.792911043 -0.336818221 0.107629203 0.812901977 0.572369052 0.971093096
1003 0.978379832 0.0315855639 -0.204389962 -0.181788879 -0.185806291 0.568241616 -0.801609311 -0.353934853 0.0908235999 0.822255324 0.561824933 0.976509245
1010 0.980623329 0.0440906598 -0.190876664 -0.186623681 -0.182444467 0.560445778 -0.80784562 -0.371391576 0.0713575739 0.827016652 0.557630302 0.98263151
1019 0.979759753 0.0281422874 -0.198188896 -0.19087232 -0.180021301 0.55683952 -0.810877352 -0.394137555 0.0875394664 0.830143217 0.550635161 0.990193957
1026 0.980667213 0.00826931454 -0.195508148 -0.193461934 -0.165327332 0.569501358 -0.805192571 -0.412189994 0.104683765 0.821948795 0.559858453 0.996235878
1033 0.976491634 -0.00607963025 -0.215469551 -0.196137392 -0.173563612 0.570600798 -0.802677022 -0.429711148 0.127827077 0.82120507 0.556131703 1.00197338
1040 0.977661604 0.0119192603 -0.209846894 -0.20070777 -0.178751575 0.572362386 -0.800280684 -0.446606575 0.110569715 0.81991416 0.561707315 1.0073796
1047 0.980613276 0.0115577769 -0.195611914 -0.204470184 -0.166948168 0.571939767 -0.803127146 -0.463264063 0.102595868 0.820214192 0.562781278 1.01282342
1054 0.98130011 0.00340905564 -0.192453817 -0.207427412 -0.15846801 0.581856442 -0.797703561 -0.480533471 0.109261077 0.813284366 0.571516017 1.01880296
1059 0.979669536 0.0137183001 -0.200148467 -0.2104054 -0.17029922 0.584225752 -0.793522808 -0.492825299 0.106046104 0.811475249 0.574684387 1.02270681
1066 0.981927111 0.0189994401 -0.188303397 -0.214685206 -0.164677692 0.57612814 -0.800598291 -0.510218788 0.0932759668 0.817138536 0.568844625 1.0286635
1073 0.980480099 -0.0168164632 -0.195897887 -0.216373237 -0.150184929 0.578986096 -0.801386042 -0.529212931 0.126898632 0.815163976 0.565158766 1.03503074
1082 0.98707408 -0.0596330563 -0.148757048 -0.218448825 -0.0884070787 0.571592941 -0.815760809 -0.553590609 0.133674789 0.818367526 0.558932592 1.04297814
1089 0.994429811 -0.07053808 -0.0783181399 -0.220025028 -0.0258511524 0.557128426 -0.830023876 -0.572188787 0.102181553 0.8274251 0.552201624 1.04904993
1094 0.997661783 -0.0626058807 -0.0274129564 -0.221365536 0.0126510927 0.563336733 -0.826130544 -0.585464619 0.0671633556 0.823852068 0.562811562 1.05338999
1099 0.995957999 -0.0848120218 -0.0295733732 -0.220074734 0.0233219501 0.562141437 -0.826712218 -0.598246134 0.0867395532 0.822680938 0.561847242 1.0574963
1108 0.995535581 -0.0943606263 0.00223145828 -0.219334483 0.0554872928 0.565956967 -0.822565421 -0.620905592 0.0763548789 0.819016962 0.568666113 1.06511291
1115 0.995070074 -0.091049427 0.0393134786 -0.218892704 0.0840937142 0.564499009 -0.821138914 -0.638334501 0.0525718078 0.820396776 0.569372755 1.07081374
1122 0.991139415 -0.0948631116 0.092971228 -0.217429565 0.130467291 0.563981929 -0.815415642 -0.655753799 0.0249187725 0.820320287 0.571361253 1.07634041
1127 0.988684703 -0.111445075 0.100411921 -0.214949175 0.146314312 0.568792077 -0.809362524 -0.667585339 0.033085962 0.814896048 0.578662035 1.08019531
1132 0.983192401 -0.0915891605 0.157937101 -0.214572615 0.181659831 0.577149272 -0.796177382 -0.679953214 -0.0182320651 0.811486379 0.58408685 1.08430947
1137 0.983519238 -0.107395312 0.145451557 -0.211230147 0.180789932 0.57429763 -0.798434238 -0.691804409 0.00221560974 0.81157161 0.584248759 1.08828123
1142 0.983152809 -0.0989416923 0.15369156 -0.209588076 0.182493419 0.578847779 -0.794752415 -0.704217019 -0.0103298693 0.809410767 0.587152028 1.09251106
1149 0.981056978 -0.106195902 0.162017393 -0.205989366 0.193427275 0.582912067 -0.789176414 -0.72220719 -0.0106345925 0.805565611 0.592411135 1.09860763
1156 0.98221007 -0.111479517 0.151114842 -0.201931221 0.187771126 0.57310586 -0.797678932 -0.74033904 0.00232006049 0.811863283 0.583842981 1.10445173
1160 0.979774582 -0.102539563 0.171835405 -0.200444306 0.199375303 0.573475091 -0.794591598 -0.751354134 -0.0170662494 0.812780387 0.582320174 1.10785684
1169 0.974036146 -0.100372267 0.202926082 -0.195458419 0.223754868 0.563240009 -0.795420928 -0.775775623 -0.0344578861 0.820174433 0.57107491 1.11588839
1176 0.968808353 -0.115626329 0.219182404 -0.189764757 0.246225104 0.54905232 -0.798695654 -0.79454621 -0.0279923607 0.827751232 0.560396579 1.12243648
1181 0.959571154 -0.111449112 0.258461402 -0.186251371 0.276731184 0.54128366 -0.793997387 -0.808326192 -0.05141063 0.833421319 0.550241631 1.12710874
1188 0.946922113 -0.110320876 0.301940087 -0.180237808 0.313092903 0.529448534 -0.788452335 -0.827056727 -0.0728789841 0.841138249 0.535887208 1.13359545
1195 0.95156415 -0.127295866 0.279859661 -0.17289501 0.303814466 0.528898169 -0.792441479 -0.844774691 -0.0471427381 0.839084316 0.541954863 1.13971605
1202 0.950184599 -0.110608378 0.291401808 -0.168078896 0.303709775 0.538733084 -0.785828886 -0.86234035 -0.0700685367 0.835184082 0.545488725 1.14568183
1207 0.951256759 -0.112397253 0.28718885 -0.164004864 0.301014759 0.540957572 -0.78533752 -0.874246677 -0.067087203 0.833505706 0.548422779 1.14948831
1214 0.952624129 -0.131097036 0.274446418 -0.157733044 0.300201377 0.550204784 -0.779200763 -0.89041189 -0.0488508219 0.82467464 0.563493864 1.15495493
1221 0.953932005 -0.140768651 0.264948895 -0.15191112 0.29792824 0.548623077 -0.781185947 -0.905937146 -0.0353905861 0.824134035 0.565288068 1.16033348
1226 0.947579157 -0.124005894 0.29447628 -0.149338296 0.31164502 0.562055738 -0.76614015 -0.918017726 -0.0705061889 0.817750503 0.571238122 1.16464525
1231 0.951523254 -0.141687648 0.272998366 -0.144274983 0.303914716 0.569664468 -0.76362179 -0.929629238 -0.047321694 0.809572112 0.58510995 1.16866367
1238 0.958497359 -0.14617326 0.24477784 -0.138285318 0.284014514 0.564451588 -0.775067843 -0.946366788 -0.0248710473 0.81242094 0.582540683 1.17434656
1245 0.947942662 -0.140719667 0.285661837 -0.132979908 0.313870994 0.564318984 -0.763563411 -0.96448708 -0.0537560086 0.813475297 0.579109862 1.18071722
1250 0.948900922 -0.156720476 0.273908257 -0.12716827 0.31416247 0.551141923 -0.77301004 -0.977239668 -0.0298158219 0.819561634 0.572214771 1.18514531
1254 0.946789806 -0.144901839 0.287389144 -0.124111324 0.31866659 0.547362981 -0.773851001 -0.988286071 -0.0451737457 0.824255557 0.564413066 1.18885655
1255 0.947617554 -0.146656039 0.283748089 -0.123005338 0.316772125 0.545385467 -0.77602198 -0.990891866 -0.0409437747 0.825255535 0.563273387 1.18973528
1262 0.945018963 -0.137036323 0.296917844 -0.116763265 0.322516921 0.540649473 -0.776969101 -1.01015926 -0.0540554868 0.830011562 0.555120537 1.19636575
1273 0.946370216 -0.151793974 0.285205195 -0.105175652 0.321767342 0.522440042 -0.789634207 -1.04000218 -0.0291408998 0.839056013 0.543264039 1.2065075
1278 0.94616445 -0.153399826 0.285028642 -0.100274779 0.322649929 0.517375316 -0.792603183 -1.05318189 -0.0258815934 0.841897426 0.539016575 1.21081891
1285 0.944561244 -0.143849153 0.295146534 -0.0947373254 0.325416359 0.529745999 -0.783245409 -1.07116112 -0.0436835068 0.835868768 0.547188408 1.21651441
1292 0.948020361 -0.14067608 0.285425358 -0.089044789 0.315145458 0.539250059 -0.780956282 -1.08805361 -0.0440537729 0.830312962 0.555553463 1.22216931
1297 0.946429895 -0.142686904 0.289673784 -0.0849642047 0.319362304 0.546213035 -0.774376548 -1.09993484 -0.0477302044 0.825404003 0.562521164 1.22608409
1304 0.949726003 -0.162255291 0.267756868 -0.078173142 0.312485362 0.544044577 -0.778696601 -1.11576027 -0.0193240284 0.823218512 0.567395685 1.23166449
1311 0.949595974 -0.151529286 0.274420046 -0.0731502692 0.311514153 0.553942441 -0.772079468 -1.13271401 -0.0350202597 0.818649283 0.573225029 1.23757343
1316 0.946516036 -0.15706136 0.28184947 -0.0689092548 0.32039281 0.560806005 -0.763442907 -1.14484098 -0.038155494 0.812913497 0.581133207 1.24170277
1323 0.938700561 -0.170352354 0.299702072 -0.0618989948 0.342924904 0.550370198 -0.761245792 -1.16185178 -0.035267076 0.817357156 0.575050878 1.24733862
1327 0.925981241 -0.16586503 0.339186575 -0.0584413339 0.37211183 0.553091028 -0.745401301 -1.17212985 -0.0639650419 0.816442959 0.573872257 1.2505802
1334 0.921301821 -0.188917273 0.339872357 -0.0493449083 0.386821239 0.53439961 -0.751522711 -1.18890947 -0.0396520339 0.823849089 0.565420547 1.25612471
1341 0.909956053 -0.180904529 0.373166896 -0.0415353286 0.410244115 0.524299699 -0.746196751 -1.20654144 -0.0606609195 0.832095774 0.551304704 1.2620622
1348 0.905854996 -0.178511065 0.384136077 -0.033222984 0.417860173 0.52521803 -0.741308908 -1.22417898 -0.0694233505 0.832033546 0.550364041 1.26798142
1355 0.901128406 -0.171186598 0.398324924 -0.0250258465 0.425495575 0.525491379 -0.736757983 -1.24186905 -0.083193221 0.83339904 0.546374349 1.27385051
1360 0.909629464 -0.185117968 0.371894577 -0.0177819977 0.412363235 0.510772979 -0.754365645 -1.25349166 -0.0503070652 0.839548868 0.540949995 1.27766006
1367 0.905962144 -0.166555768 0.389219437 -0.0107165923 0.416188949 0.518864776 -0.746703491 -1.27095079 -0.0775844827 0.838473924 0.539390514 1.2837557
1372 0.9052657 -0.175930504 0.386707215 -0.00445003268 0.418846991 0.52200281 -0.743021039 -1.28283017 -0.0711421865 0.834602614 0.546239201 1.28798186
1379 0.893587541 -0.178851763 0.411719995 0.00416229223 0.441609136 0.514773394 -0.734839931 -1.29935808 -0.0805150817 0.838463118 0.538977664 1.29367903
1384 0.882128754 -0.187850665 0.431927065 0.0107042162 0.46258924 0.518137871 -0.719405547 -1.31105096 -0.0886569599 0.834413132 0.543962011 1.29767396
1389 0.864987721 -0.180876151 0.46805989 0.0167876253 0.488291016 0.518328864 -0.70207341 -1.32270206 -0.115620615 0.835834318 0.536668303 1.30165412
1394 0.85967724 -0.196208537 0.471653742 0.0246045568 0.500353289 0.509517091 -0.7000278 -1.33335182 -0.102964212 0.837791468 0.536193833 1.30541445
1399 0.839160569 -0.176810712 0.514341823 0.0301876008 0.521539565 0.529871344 -0.668754694 -1.34536488 -0.154292 0.82944218 0.536860921 1.30991409
1406 0.845666953 -0.200043736 0.494802898 0.0422506637 0.520391871 0.51488522 -0.681238219 -1.36034455 -0.11848926 0.833592055 0.539522549 1.31526468
1411 0.84861123 -0.18446441 0.495814343 0.0487521457 0.511701122 0.524050085 -0.680832924 -1.37203625 -0.134242105 0.83147122 0.539105433 1.31939134
1416 0.843307857 -0.195609065 0.500568629 0.0567552761 0.521202232 0.524830534 -0.672979304 -1.3831646 -0.131072848 0.828426221 0.544545594 1.32335662
1421 0.853289736 -0.192133585 0.484748709 0.0640804436 0.505780009 0.531069657 -0.67981733 -1.39479309 -0.12681959 0.825257356 0.550333614 1.32708024
1424 0.848374147 -0.200128272 0.490112214 0.0691092313 0.515305395 0.524357564 -0.677871297 -1.40132888 -0.121332835 0.827645951 0.547978579 1.32923302
1431 0.844634335 -0.193214666 0.499260387 0.0795012147 0.518919664 0.524722862 -0.674824644 -1.41753313 -0.131587321 0.829056096 0.543461835 1.3346544
1435 0.831243762 -0.191475834 0.521891572 0.0855494281 0.535565124 0.52747937 -0.659496408 -1.42697062 -0.149009413 0.8277092 0.541011714 1.33791169
1442 0.83981216 -0.206390287 0.502114116 0.0978861207 0.52991733 0.512545725 -0.675636369 -1.44242293 -0.11791166 0.83348661 0.539811922 1.34304246
1449 0.828853622 -0.19724784 0.523540794 0.109046663 0.543628093 0.505033776 -0.670380028 -1.45882146 -0.132174772 0.840258398 0.525828541 1.34877875
1454 0.818902383 -0.20639143 0.535538482 0.117759931 0.557359359 0.508600059 -0.656259496 -1.47061622 -0.136928568 0.835899849 0.531527995 1.3528432
1458 0.813095509 -0.202355435 0.545827785 0.124517625 0.56425603 0.504529031 -0.653502555 -1.47982083 -0.14314617 0.839346612 0.524410563 1.35582778
1465 0.803550921 -0.195422754 0.562241821 0.136340356 0.574357979 0.502536117 -0.646196845 -1.4958338 -0.156265254 0.842180146 0.516055978 1.36121398
1470 0.81193201 -0.202994564 0.547320399 0.14531741 0.566315015 0.501356492 -0.654162802 -1.50668964 -0.141611142 0.841091479 0.522026253 1.36488698
1477 0.798054884 -0.190422196 0.571706035 0.156600467 0.578551138 0.507408868 -0.638603806 -1.5227263 -0.168484373 0.840402063 0.515109104 1.37045696
1482 0.807247185 -0.217936592 0.548503076 0.166681272 0.576203583 0.49228322 -0.652416019 -1.53232798 -0.127833536 0.842710433 0.522970089 1.37361215
1487 0.798232926 -0.205434397 0.566233966 0.174066217 0.582070296 0.504940566 -0.637361119 -1.5437733 -0.154978603 0.838350603 0.522637446 1.37749242
1492 0.799398321 -0.221328715 0.55854805 0.183252046 0.585083648 0.498044418 -0.640022564 -1.55366109 -0.136526367 0.838430294 0.527631684 1.38086332
1497 0.799941836 -0.210037459 0.562118604 0.190728586 0.580620639 0.507517508 -0.636636201 -1.56458218 -0.151567583 0.835649594 0.527936571 1.38451526
1504 0.799115243 -0.207637646 0.564182095 0.202329389 0.582348025 0.500394727 -0.640683927 -1.57919925 -0.149283643 0.840530621 0.520790427 1.38956254
1511 0.800096609 -0.215076708 0.559988773 0.214377695 0.582077067 0.504039733 -0.63806758 -1.59404685 -0.145023117 0.836472329 0.5284717 1.39475443
1518 0.805306961 -0.216613197 0.551869025 0.226307495 0.576568801 0.502858006 -0.643973792 -1.60895374 -0.138018535 0.836787039 0.529847464 1.39974247
1523 0.801206394 -0.220126121 0.556428616 0.23488854 0.582317562 0.50087742 -0.64033434 -1.6197017 -0.137748215 0.837058123 0.529489498 1.40351956
1530 0.78576317 -0.224904462 0.576189398 0.247300583 0.600860068 0.498609623 -0.624784461 -1.63502755 -0.146776766 0.83714182 0.526925189 1.40873337
1537 0.774794331 -0.234812136 0.586989783 0.260620028 0.617317505 0.481347603 -0.622272917 -1.64933539 -0.136428892 0.844492597 0.517899036 1.41364501
1544 0.732314104 -0.235634411 0.638899427 0.27394629 0.660243396 0.475390562 -0.581448598 -1.6641469 -0.16671746 0.847632136 0.503711277 1.41849565
1549 0.714586161 -0.248514375 0.653916833 0.284750347 0.681393205 0.458844082 -0.570232767 -1.6734071 -0.158334829 0.85305493 0.497219637 1.42180328
1553 0.685249488 -0.246800662 0.685217171 0.292906047 0.705233645 0.459800173 -0.539656656 -1.68153578 -0.181875354 0.853037651 0.489129964 1.42466231
1558 0.66370806 -0.239849721 0.708493982 0.30360647 0.722308807 0.451591158 -0.523770382 -1.69076128 -0.194323438 0.859382067 0.472970258 1.4280412
1565 0.623760929 -0.242846532 0.742931938 0.319269907 0.751060204 0.449391005 -0.483690289 -1.70338176 -0.216404421 0.859693717 0.462704917 1.43272444
1569 0.60493333 -0.254626396 0.754467405 0.329237495 0.769669985 0.429857342 -0.472049553 -1.70914638 -0.204117077 0.866249424 0.456013328 1.43482581
1576 0.579723303 -0.253849322 0.774261851 0.345734366 0.786589862 0.42228194 -0.450504552 -1.7202482 -0.212596522 0.87019451 0.444481984 1.43898232
1581 0.561432216 -0.257148059 0.786554984 0.357435326 0.79654972 0.425542593 -0.429443878 -1.7281737 -0.224281988 0.86763378 0.443744536 1.44186899
1588 0.57038234 -0.274002636 0.774329737 0.374491814 0.79859135 0.405512485 -0.444760024 -1.73733794 -0.192134957 0.872056294 0.450113295 1.44530407
1592 0.552139683 -0.267442949 0.789693637 0.38341286 0.807389685 0.407801046 -0.426403803 -1.74361755 -0.207999201 0.873024957 0.441093819 1.44771982
1601 0.529419737 -0.279559522 0.800975166 0.404957622 0.823269246 0.397221335 -0.40551567 -1.7559653 -0.204798658 0.874106221 0.440449571 1.45233951
1608 0.481719277 -0.270733997 0.833456443 0.421481501 0.847172772 0.387147589 -0.363888771 -1.76497895 -0.224153591 0.881373841 0.415854927 1.45596374
1615 0.458442586 -0.278217044 0.844053121 0.43901303 0.859197098 0.381524423 -0.340909755 -1.77322853 -0.227179976 0.881495542 0.413950321 1.4596276
1619 0.455516556 -0.287619268 0.842484317 0.449335775 0.862750628 0.375936669 -0.338131594 -1.77762764 -0.219467586 0.880878413 0.419389081 1.46143305
1626 0.433595406 -0.301712763 0.849096245 0.467528306 0.877172357 0.357058304 -0.321057664 -1.78498901 -0.20630967 0.884012883 0.419472935 1.46415532
1633 0.416391964 -0.303831654 0.856915433 0.484739065 0.884414934 0.353863887 -0.304286994 -1.79243432 -0.210779405 0.884571465 0.416059331 1.46659909
1640 0.398378643 -0.30618704 0.864606242 0.5013222 0.885563326 0.373914163 -0.275618928 -1.80050565 -0.238897575 0.875464274 0.420107431 1.46960285
1644 0.389083174 -0.317262437 0.864846131 0.511422512 0.891269657 0.367023491 -0.266330913 -1.80399137 -0.232922051 0.874435992 0.425569048 1.47099856
1651 0.383214479 -0.320651359 0.866215544 0.529235941 0.895000157 0.360704676 -0.262424953 -1.8105799 -0.228301079 0.87582809 0.425210271 1.47341286
1658 0.339310394 -0.312733139 0.887167651 0.547384226 0.903379979 0.371261117 -0.214638757 -1.81830564 -0.262246201 0.874278655 0.408489613 1.47629356
1665 0.316650186 -0.32024455 0.892847181 0.567110732 0.912748713 0.35901044 -0.194939198 -1.82423497 -0.258113244 0.876672648 0.405983523 1.47854585
1672 0.289296577 -0.304287475 0.907588356 0.586970166 0.919618043 0.351544548 -0.175268609 -1.82999602 -0.265725696 0.885339236 0.381528887 1.48072659
1675 0.262276247 -0.300978968 0.916854858 0.595665416 0.922962869 0.355590201 -0.147292742 -1.83280448 -0.281692586 0.884854378 0.371055275 1.48190225
1676 0.253755912 -0.298061202 0.920199683 0.598550591 0.923245187 0.358373955 -0.138515102 -1.83385435 -0.288489622 0.884718954 0.36612308 1.48230436
1683 0.236100993 -0.291068814 0.927111248 0.619723181 0.936843799 0.321528077 -0.137634999 -1.83675737 -0.258031041 0.901054183 0.348599112 1.48374858
1688 0.179120558 -0.287314441 0.940939019 0.634662342 0.942021588 0.325923744 -0.0798062707 -1.84039916 -0.283744874 0.900679813 0.329036049 1.4852572
1695 0.141942789 -0.276786619 0.950390137 0.655304226 0.948495274 0.312726861 -0.0505828624 -1.84289796 -0.283211865 0.908620425 0.306920123 1.48656276
1700 0.115003942 -0.266027341 0.957080742 0.669868449 0.952069047 0.304429767 -0.0297833308 -1.84429827 -0.283440687 0.91463215 0.28828702 1.48755669
1707 0.086816086 -0.281579008 0.955602548 0.690313157 0.95295843 0.303088705 0.00273261725 -1.84614687 -0.290401787 0.910412269 0.294646065 1.48880179
1714 0.0689737462 -0.277940616 0.958118801 0.709518449 0.953145246 0.30191782 0.0189676131 -1.84753947 -0.29454501 0.911918112 0.28574218 1.48958419
1721 0.0567548048 -0.292690239 0.954521512 0.728551394 0.955794486 0.292203791 0.0327695791 -1.84809574 -0.288506141 0.910466566 0.296335686 1.49042052
1728 0.023754459 -0.295937118 0.954912011 0.747389579 0.955981206 0.286160006 0.064902892 -1.84848543 -0.292464802 0.911336202 0.289707899 1.49120145
1733 0.0296841422 -0.301717623 0.952935112 0.760655628 0.958439025 0.27922441 0.0585522395 -1.8482463 -0.283748986 0.911592126 0.297466482 1.49142364
1740 0.0248271218 -0.31124813 0.950004324 0.779421906 0.954667355 0.289362438 0.0698542872 -1.84920283 -0.296637583 0.905203834 0.304322465 1.49221869
1747 0.032456008 -0.31670612 0.94796827 0.79839371 0.956721954 0.28427468 0.0622174365 -1.84946928 -0.28918802 0.904922726 0.31222612 1.49261772
1754 0.0232837153 -0.312257961 0.949711975 0.817650871 0.956555748 0.283111782 0.0696334654 -1.84979024 -0.290618253 0.906831123 0.305284041 1.49318421
1761 0.0133137862 -0.315078453 0.948972239 0.837495061 0.957859593 0.276353913 0.0783167544 -1.84974988 -0.286928114 0.907939471 0.305480236 1.49357789
1768 -0.00898790716 -0.310696975 0.950466521 0.857488943 0.95882104 0.26715174 0.0963958541 -1.84928871 -0.283868685 0.912193695 0.295501662 1.49361323
1775 -0.058514956 -0.305558735 0.950373537 0.877688263 0.953295238 0.265476823 0.144049456 -1.84871562 -0.296317717 0.914415614 0.275753322 1.49392031
1782 -0.108877015 -0.29039046 0.95069405 0.898117296 0.950076437 0.250923571 0.185451143 -1.84623965 -0.292404788 0.923423382 0.248573324 1.49391698
1787 -0.108007051 -0.283207857 0.95295739 0.912672521 0.959248226 0.222073361 0.174717668 -1.84269701 -0.261107867 0.932993426 0.247681146 1.49330889
