0 1 -1.50469402e-05 2.39248859e-05 -5.33176859e-05 1.50563662e-05 0.999999922 -0.000394031152 0.000257707126 -2.39189551e-05 0.000394031512 0.999999922 -9.24989013e-05
161 0.999992933 0.000254837632 -0.00375082641 -0.00126374255 -0.00025352906 0.999999907 0.000349347055 0.0175372386 0.00375091509 -0.000348393643 0.999992905 0.00682606178
162 0.999995461 2.35957999e-05 -0.00301278622 -0.00185446226 -2.53559973e-05 0.999999829 -0.000584205514 0.0182243901 0.00301277192 0.000584279254 0.999995291 0.00775421568
165 0.999988262 0.000355606896 -0.00483218528 -0.00184953318 -0.000369136867 0.999996014 -0.00279936601 0.019575267 0.00483117054 0.00280111689 0.999984407 0.00836647949
170 0.999987457 0.000220999493 -0.00500362268 -0.00184272355 -0.000265483229 0.999960436 -0.00889138774 0.0228038048 0.00500145972 0.00889260459 0.999947952 0.00967341783
179 0.999970418 0.000335771324 -0.00768446715 -0.0019161733 -0.000457881168 0.999873574 -0.0158942379 0.02822063 0.0076781588 0.0158972863 0.999844149 0.0118223082
188 0.999985921 -0.000218807229 -0.00530182088 -0.00207576671 0.000111626498 0.999795797 -0.020207703 0.0322982691 0.00530515982 0.0202068267 0.999781746 0.0136792543
199 0.999988012 -0.000777625669 -0.00483441104 -0.00203590903 0.000657843502 0.999693965 -0.0247293977 0.035294119 0.00485216176 0.024725921 0.999682492 0.0149969755
216 0.999979425 -0.00070250771 -0.00637623288 -0.00223491825 0.000518026666 0.999582512 -0.028888282 0.0403113535 0.00639386512 0.0288843846 0.99956231 0.0171763519
231 0.999910573 -6.74251518e-05 -0.0133731547 -0.00181080051 -0.000405576237 0.99937443 -0.0353636034 0.0429823461 0.0133671733 0.0353658647 0.999285032 0.0178168308
246 0.999935134 -0.000240472082 -0.011387259 -0.00217246547 -0.000180753875 0.999316155 -0.0369755168 0.0435524725 0.0113883635 0.0369751766 0.99925129 0.0188085919
263 0.999898576 0.000614355693 -0.0142288334 -0.00207184814 -0.00109452785 0.999429259 -0.0337632585 0.0397721808 0.0141999698 0.033775408 0.999328566 0.0170312911
280 0.999892579 0.000476562355 -0.0146493164 -0.0022456234 -0.00099476048 0.999373202 -0.0353866325 0.039903637 0.0146232703 0.0353974038 0.999266323 0.0170425959
299 0.999891206 0.000318723397 -0.0147469945 -0.00214470315 -0.000873526032 0.999291349 -0.0376302755 0.0388509599 0.0147245504 0.0376390634 0.99918291 0.0165947998
316 0.999911828 0.000762289174 -0.013257252 -0.00196327172 -0.00112410253 0.999626497 -0.027305731 0.0344400402 0.0132314855 0.0273182259 0.999539215 0.0144529368
333 0.999854388 0.000666436522 -0.0170516462 -0.00213396659 -0.00127367708 0.999364388 -0.0356258091 0.0401058296 0.0170170656 0.0356423399 0.999219717 0.0171072657
346 0.999873647 0.00037282543 -0.0158918487 -0.00235245818 -0.00099257527 0.999238407 -0.0390079454 0.0416166097 0.0158652024 0.0390187905 0.999112521 0.0177667161
365 0.999864125 0.00097557747 -0.0164553776 -0.00189144056 -0.00149238445 0.999505043 -0.031423592 0.0354314921 0.0164165767 0.03144388 0.999370691 0.0149134153
384 0.999844788 0.00113653581 -0.01758145 -0.00192598073 -0.0017175933 0.99945157 -0.033069753 0.0361142512 0.0175342229 0.0330948179 0.999298396 0.0152968827
407 0.999868666 0.00134147416 -0.0161508907 -0.00183948061 -0.00176466073 0.999654734 -0.0262163852 0.0317256383 0.0161101458 0.0262414429 0.999525813 0.0133382783
426 0.999878449 0.0011520394 -0.0155486596 -0.00190009242 -0.00156671411 0.999642699 -0.0266837084 0.0329528107 0.0155123634 0.0267048253 0.999522996 0.0138900137
445 0.999830748 0.00131341216 -0.0183507331 -0.00192722686 -0.00192017554 0.99945065 -0.0330864119 0.0356551351 0.018297196 0.0331160486 0.999284014 0.0150587507
464 0.999870469 0.00129773115 -0.0160424535 -0.00160318 -0.00169938833 0.999684782 -0.0250489192 0.0290256012 0.0160048899 0.0250729369 0.999557498 0.0121035725
481 0.999887083 0.00102460218 -0.0149924064 -0.00182947327 -0.00143672473 0.999620665 -0.027503856 0.0331192886 0.0149585388 0.0275222903 0.999509262 0.0139096646
496 0.999803051 0.0013382457 -0.0198007028 -0.00195601481 -0.00202329665 0.999398575 -0.0346178277 0.0369667749 0.019742467 0.0346510725 0.999204453 0.015659118
515 0.99986163 0.00170037447 -0.0165477836 -0.00148305722 -0.0020509693 0.9997733 -0.0211929601 0.0281037562 0.0165079962 0.0212239666 0.999638449 0.01157921
528 0.9998075 0.00240114876 -0.0194729819 -0.00181066082 -0.00273005617 0.99985377 -0.0168814923 0.0268654018 0.0194295994 0.016931405 0.999667854 0.0111520612
543 0.999848933 0.00131749134 -0.0173313612 -0.00189452105 -0.00182175987 0.99957449 -0.0291121925 0.0349194262 0.0172856315 0.0291393682 0.999425887 0.0146727842
562 0.999799771 0.00182534486 -0.019927029 -0.00177075318 -0.0023728314 0.999619384 -0.0274855921 0.0329607597 0.0198692738 0.0275273722 0.999423562 0.0138275971
581 0.999843923 0.00172039022 -0.0175832207 -0.00177010657 -0.00212895233 0.999727563 -0.023243667 0.0315091649 0.0175384422 0.0232774731 0.999575191 0.0131224907
600 0.999809873 0.00148602785 -0.0194424514 -0.00189375521 -0.0021084384 0.999484628 -0.0320317397 0.0352147674 0.0193848313 0.0320666428 0.999297733 0.0148316038
617 0.99981837 0.00194455392 -0.0189590319 -0.000913420307 -0.00247158242 0.999610044 -0.0278145992 0.0311251082 0.0188975518 0.027856406 0.999433291 0.012786505
634 0.999839068 0.00156372518 -0.0178715807 -0.00187415722 -0.00206182822 0.999608959 -0.0278868845 0.0325627511 0.0178209847 0.0279192447 0.999451314 0.0136402021
635 0.999836137 0.00154666013 -0.0180362519 -0.00187085086 -0.00205752873 0.99959621 -0.0283404766 0.0326850779 0.017985136 0.0283729427 0.999435596 0.0136877299
646 0.999819158 0.00162966595 -0.0189471917 -0.00179075849 -0.00219924048 0.999545096 -0.030079294 0.0325404507 0.0188895533 0.0301155238 0.99936792 0.0136254572
665 0.999809605 0.00210562725 -0.0193989688 -0.000804040284 -0.00248811176 0.999802569 -0.0197137541 0.0233686713 0.019353629 0.0197582675 0.999617451 0.00971471242
684 0.999669942 0.00349372691 -0.0254519466 -0.00100552781 -0.00388777317 0.999873099 -0.0154489726 0.0205630312 0.0253947422 0.015542825 0.999556666 0.00863512868
701 0.999650542 0.00425736411 -0.0260896185 -0.00137699916 -0.00439514112 0.999976686 -0.0052258465 0.0275987632 0.0260667619 0.00533868784 0.999645948 0.0114856319
720 0.999714654 0.00163840811 -0.0238311996 -0.0016365081 -0.00295059366 0.998474759 -0.0551311979 0.0951829246 0.0237045239 0.0551857826 0.998194683 0.0392963411
743 0.998392505 0.0139365015 -0.0549379632 0.0297148151 -0.0230281788 0.985430569 -0.168512007 0.1875455 0.0517890805 0.169506246 0.984167427 0.139427553
760 0.98596866 0.0479734915 -0.159888541 0.0783313793 -0.0925911427 0.954137589 -0.284689904 0.218580126 0.138898098 0.295499586 0.945191681 0.263664678
775 0.967066419 0.0931160542 -0.236879595 0.101074268 -0.165802379 0.936589026 -0.308724096 0.205938374 0.193111659 0.337831907 0.921182658 0.365598958
788 0.930309285 0.113458714 -0.348786116 0.113495047 -0.236413529 0.912540269 -0.333734776 0.183836983 0.280416257 0.392934317 0.87576786 0.457053665
801 0.911688852 0.11658596 -0.393993846 0.115057954 -0.274949209 0.885673831 -0.374145424 0.153170555 0.305329935 0.449432509 0.839514176 0.552455202
810 0.898408032 0.114137175 -0.42407041 0.106461992 -0.302359299 0.861080736 -0.408801689 0.126302354 0.318499391 0.495492353 0.808112286 0.613326282
819 0.882863593 0.12015923 -0.453997396 0.0928400053 -0.341557112 0.82777152 -0.445121388 0.093728899 0.322320671 0.548047508 0.771850578 0.672066222
828 0.863536741 0.119220878 -0.48999049 0.0749238312 -0.37872702 0.794888312 -0.47404474 0.0597290981 0.332971683 0.594927688 0.73156743 0.723322103
837 0.842007025 0.123751521 -0.52508069 0.0546721798 -0.414253826 0.771814642 -0.482385661 0.0280418819 0.345569006 0.6236888 0.701137891 0.766876369
844 0.82751186 0.115838564 -0.549368318 0.0386894639 -0.434891561 0.751105124 -0.496699529 0.00640953813 0.355096399 0.649940397 0.671925612 0.794391725
851 0.821646504 0.1284975 -0.555324603 0.0245175009 -0.453095075 0.738351698 -0.499541413 -0.0134915225 0.345835041 0.662061298 0.664885675 0.815364869
856 0.804932643 0.124780334 -0.580097671 0.0152289373 -0.468492574 0.733610805 -0.492270144 -0.0259707819 0.364140286 0.66801576 0.648965944 0.828273319
865 0.793728593 0.141549107 -0.591573133 -0.00232061064 -0.486662022 0.731211933 -0.478005423 -0.0493656678 0.364904093 0.667302749 0.649270394 0.851154457
867 0.790123823 0.139752763 -0.596802739 -0.00581981412 -0.48799223 0.732597617 -0.474514821 -0.0550582065 0.370901507 0.666160564 0.647041092 0.856218979
874 0.780943576 0.14326563 -0.607949085 -0.0207721494 -0.501699734 0.723665421 -0.473925875 -0.0733344351 0.372054442 0.675117263 0.63701819 0.872866139
881 0.765819999 0.149834887 -0.625355287 -0.0366924503 -0.523493723 0.710040346 -0.470953319 -0.0921091606 0.373462248 0.688035038 0.62220072 0.888655438
888 0.743379734 0.153328172 -0.651058402 -0.0543920796 -0.547813352 0.698061967 -0.461096543 -0.111397794 0.383780018 0.699428311 0.602920339 0.904280342
899 0.715888214 0.13196789 -0.685630033 -0.0840765454 -0.573603234 0.671050548 -0.469755778 -0.141745385 0.39809973 0.729572229 0.556094387 0.927164534
906 0.723039084 0.138512408 -0.676778247 -0.103710729 -0.589331197 0.634822465 -0.499689082 -0.158902679 0.360420897 0.760141271 0.540631137 0.938896554
913 0.725999731 0.120836688 -0.676995484 -0.123488427 -0.595149924 0.603639616 -0.530486363 -0.17607934 0.344559079 0.788046768 0.510158145 0.950257307
920 0.742205277 0.0946999036 -0.663448004 -0.141714253 -0.589791441 0.56239885 -0.579528766 -0.189352609 0.318241076 0.821425263 0.473268587 0.958979775
924 0.779133142 0.0916649033 -0.620120224 -0.145357092 -0.55636392 0.556891693 -0.616709681 -0.192207474 0.288809168 0.82551147 0.484891819 0.960092122
929 0.807402912 0.0773539 -0.58490761 -0.150396758 -0.518238843 0.566836743 -0.640409719 -0.195447105 0.282008935 0.820190515 0.497753432 0.961385188
934 0.833305048 0.0749198726 -0.547713163 -0.154952819 -0.487693574 0.566155519 -0.664547143 -0.199037014 0.260303043 0.82088668 0.508318193 0.962506516
941 0.867883705 0.0510059482 -0.494141951 -0.159383437 -0.427652705 0.582846679 -0.690943495 -0.204349478 0.252766767 0.810979742 0.527655967 0.964410699
945 0.889470852 0.0386392973 -0.455355475 -0.161642277 -0.391201769 0.579443387 -0.714987088 -0.207764563 0.23622612 0.814096042 0.530513765 0.965349395
952 0.929053157 0.0301675584 -0.368714184 -0.164581105 -0.315939928 0.583215069 -0.748359636 -0.213515863 0.192463485 0.811757416 0.551368937 0.967651759
959 0.950739332 0.00734904401 -0.309904364 -0.166155755 -0.251967336 0.600671458 -0.758753097 -0.219626459 0.180574596 0.799462189 0.572933699 0.97005807
970 0.963716709 -0.00954248688 -0.26675653 -0.168805544 -0.205326667 0.612069727 -0.763682925 -0.228189079 0.17056103 0.790746224 0.587902495 0.973302028
981 0.967190662 -0.00442062604 -0.254013153 -0.171314393 -0.198006558 0.613321109 -0.764611418 -0.23787712 0.15917169 0.789821293 0.592323137 0.976912132
988 0.964794543 -0.0103949136 -0.262799229 -0.172542625 -0.199727778 0.621148962 -0.757814477 -0.243882803 0.171114885 0.783623578 0.597204976 0.979338782
997 0.960229931 -0.0108871598 -0.278998118 -0.174896119 -0.211553683 0.623754478 -0.752446271 -0.250248745 0.182218328 0.78154451 0.5966445 0.981653653
1008 0.963321986 0.00372645552 -0.268322314 -0.178235181 -0.216212326 0.603023775 -0.767863631 -0.26011651 0.158943325 0.79771451 0.581711767 0.985269878
1017 0.959713183 -0.0111642045 -0.280759625 -0.180286453 -0.216891085 0.605801213 -0.765482297 -0.267581494 0.178630522 0.795537712 0.578973994 0.988232296
1028 0.963823056 -0.0120171692 -0.266271861 -0.183044384 -0.204448589 0.607617914 -0.767464165 -0.27664414 0.171014299 0.794138564 0.583179262 0.991689916
1041 0.953561032 -0.0290392603 -0.29979673 -0.185368495 -0.218738451 0.61749093 -0.755551747 -0.286671657 0.207062425 0.786041776 0.582463286 0.995372402
1052 0.955846858 -0.038784546 -0.291294598 -0.187929566 -0.203596525 0.627397977 -0.751611757 -0.296077785 0.211908562 0.777732305 0.591799986 0.999018279
1061 0.95529106 -0.0255308567 -0.294562668 -0.190110538 -0.213911785 0.628077437 -0.748171425 -0.302926483 0.204109623 0.7777319 0.594535409 1.00156141
1070 0.95622445 -0.0366736853 -0.29032713 -0.192256575 -0.205758278 0.621200846 -0.756156756 -0.310635256 0.208082513 0.782792789 0.586461523 1.0045631
1079 0.962017225 -0.0773742732 -0.261793965 -0.193744366 -0.160241598 0.616340827 -0.771003642 -0.318732923 0.221010155 0.783669068 0.580531915 1.00764148
1088 0.981376695 -0.0979197719 -0.165261914 -0.195052238 -0.0733013525 0.604326747 -0.793357482 -0.326614594 0.177557579 0.790696466 0.585894534 1.010623
1101 0.989394311 -0.112381229 -0.0920291104 -0.196021978 -0.0045241445 0.609421839 -0.792833245 -0.338036049 0.145184124 0.784841055 0.602450072 1.01502048
1112 0.992034941 -0.117643071 -0.045019821 -0.196391195 0.0372805847 0.615607274 -0.787170783 -0.347220978 0.120319718 0.779222556 0.615089728 1.01869156
1125 0.991099587 -0.132505272 0.012804777 -0.196033076 0.0923359538 0.614966794 -0.783128287 -0.357987115 0.0958941143 0.777340463 0.621728336 1.02282503
1134 0.990067643 -0.126221198 0.0619214994 -0.195547362 0.127675055 0.622794622 -0.771897622 -0.365227024 0.0588654654 0.77213669 0.632724102 1.02569349
1145 0.988173832 -0.144783131 0.0505007104 -0.194167185 0.131115398 0.627057748 -0.767858928 -0.374345915 0.0795061584 0.76539952 0.638625356 1.02944989
1156 0.987532864 -0.141623975 0.0687131131 -0.19312215 0.142761407 0.621880698 -0.769989336 -0.384043132 0.0663175916 0.770199355 0.634346065 1.03330055
1167 0.984551246 -0.142823485 0.10129312 -0.191805707 0.16850187 0.61556349 -0.769862786 -0.394022324 0.0476021397 0.775037446 0.630119825 1.03720268
1176 0.9792553 -0.148072599 0.138324121 -0.190355152 0.200090589 0.598881382 -0.775438487 -0.402288074 0.0319814519 0.787029603 0.616085701 1.04066285
1187 0.965045219 -0.151530712 0.213836779 -0.188032272 0.26199225 0.579293579 -0.771867223 -0.41232414 -0.00691268318 0.800910353 0.598744371 1.04487306
1198 0.963344561 -0.141550567 0.227883069 -0.185744919 0.266947716 0.589952491 -0.762033447 -0.421915941 -0.0265739179 0.794933642 0.606114125 1.04894284
1209 0.968178838 -0.146290352 0.203048936 -0.183249418 0.2500971 0.594797407 -0.763981339 -0.430792213 -0.00900988173 0.790452515 0.612457055 1.05255009
1220 0.968305934 -0.170658534 0.182371276 -0.180592377 0.248929735 0.599656306 -0.760556574 -0.439101372 0.0204353844 0.781849077 0.623132743 1.0560797
1233 0.964672996 -0.162916319 0.207036912 -0.178155193 0.263315151 0.621403328 -0.737918041 -0.449538999 -0.0084345353 0.766365564 0.642349346 1.06055261
1244 0.963248776 -0.172044505 0.206282536 -0.17561527 0.268609759 0.614753314 -0.741570739 -0.458777941 0.000770298082 0.769726609 0.63837321 1.06444306
1255 0.9625435 -0.178895406 0.203731304 -0.17266821 0.270782913 0.596438126 -0.75560451 -0.468547589 0.0136610588 0.782469165 0.622539461 1.06863286
1268 0.964212809 -0.186327239 0.18861553 -0.169042917 0.262805848 0.577708214 -0.772778303 -0.480601719 0.0350249068 0.794692003 0.606001548 1.07371995
1279 0.95940977 -0.188801622 0.209491861 -0.166236663 0.280839256 0.571835998 -0.770800171 -0.490663293 0.025733335 0.798346753 0.601647951 1.07782478
1292 0.963091048 -0.173597079 0.205717496 -0.163541188 0.268963036 0.590242836 -0.761099388 -0.501574435 0.0107013525 0.78833841 0.615148789 1.08223596
1303 0.96381062 -0.193963331 0.182886071 -0.160759342 0.263729714 0.593541941 -0.760364782 -0.51006193 0.0389323327 0.781080143 0.62321592 1.08582339
1316 0.961382661 -0.18769728 0.201278689 -0.158117601 0.274737463 0.611455543 -0.742052185 -0.520823249 0.0162082065 0.768694901 0.639410231 1.09038121
1325 0.949703009 -0.199340318 0.241511144 -0.155737782 0.313151932 0.603929088 -0.732943056 -0.528331303 0.000249496988 0.771707907 0.635977078 1.09342709
1336 0.933698553 -0.220185607 0.282356707 -0.151988573 0.358028188 0.58464048 -0.728018768 -0.537510794 -0.00477790663 0.78084173 0.624710624 1.09725126
1347 0.927348326 -0.210491938 0.309383622 -0.148401667 0.373217178 0.580137614 -0.723981551 -0.546871316 -0.0270927966 0.786850362 0.616548853 1.10122299
1360 0.930078982 -0.220043031 0.294166876 -0.143485861 0.367344529 0.564337589 -0.739311222 -0.557795903 -0.00332914358 0.795678422 0.605710134 1.10578035
1373 0.925991987 -0.208262559 0.314905615 -0.139433697 0.37634677 0.575531969 -0.726034477 -0.568570178 -0.0300324507 0.790815819 0.611316933 1.11047126
1384 0.907983257 -0.222107031 0.355295472 -0.135321363 0.416473555 0.571489173 -0.707071356 -0.577267934 -0.0460019958 0.789980121 0.611404306 1.11425656
1395 0.883972577 -0.230687109 0.406664409 -0.130757386 0.461889198 0.565696358 -0.683114924 -0.585680574 -0.072462768 0.791688757 0.606611951 1.11800861
1408 0.868501498 -0.216752393 0.445784194 -0.125423133 0.482063089 0.578733827 -0.657785935 -0.595912632 -0.115413717 0.786184175 0.607119524 1.122679
1421 0.884080685 -0.224811079 0.409708825 -0.119326034 0.45880539 0.584251916 -0.669438058 -0.606019767 -0.0888760738 0.779813874 0.619670368 1.12710101
1434 0.868838707 -0.229689033 0.43859121 -0.113181417 0.484378588 0.577673966 -0.657016112 -0.616205105 -0.102453328 0.783285221 0.613161951 1.13151562
1445 0.86050512 -0.22579486 0.456670144 -0.107850712 0.497248177 0.567216408 -0.656513364 -0.625012486 -0.110793455 0.792011507 0.600368706 1.1353498
1456 0.849783905 -0.236978712 0.470859221 -0.102015848 0.515044579 0.563457042 -0.645945233 -0.633744147 -0.112233674 0.791427351 0.600871326 1.13924319
1471 0.846263688 -0.241454805 0.474907725 -0.0939478004 0.521995757 0.554101481 -0.648453528 -0.645312067 -0.106574854 0.796662492 0.594954347 1.14431736
1484 0.832592048 -0.245224177 0.496644325 -0.0871852742 0.5408056 0.553629601 -0.633264216 -0.655039715 -0.119665303 0.795838783 0.593566212 1.14863629
1497 0.836472164 -0.244648158 0.490368838 -0.080579772 0.534443074 0.56205353 -0.631241975 -0.664568041 -0.12118135 0.79009057 0.600892646 1.15280423
1508 0.837785552 -0.249019316 0.485906111 -0.0748242578 0.534819488 0.553442725 -0.638489832 -0.672498289 -0.1099249 0.794789614 0.596846702 1.15638152
1517 0.839332634 -0.249064243 0.483205683 -0.0701899489 0.531905088 0.559785867 -0.635387095 -0.679237093 -0.112239506 0.790320686 0.602325084 1.15937569
1526 0.835573798 -0.257594364 0.485243827 -0.0652739026 0.539505673 0.55144116 -0.636275315 -0.685905136 -0.103682484 0.793446779 0.599743405 1.16242105
1539 0.800017468 -0.272338566 0.53460617 -0.0578508578 0.58737241 0.537194046 -0.605323227 -0.695431704 -0.122334391 0.798282069 0.58972878 1.16665605
1552 0.737088928 -0.286164236 0.612217235 -0.0494760038 0.656813726 0.516556814 -0.549331218 -0.70443123 -0.159046036 0.807018642 0.568704906 1.17080965
1563 0.67946839 -0.275742215 0.679918331 -0.0420910196 0.701709159 0.514898082 -0.492426869 -0.711719314 -0.214305769 0.811693413 0.543347809 1.17435489
1574 0.628643195 -0.287175317 0.722729597 -0.0336362305 0.74509153 0.488662205 -0.453924951 -0.717862067 -0.222814597 0.823856533 0.521166067 1.17751369
1585 0.621716702 -0.304341687 0.721695559 -0.0251059575 0.755074088 0.477776067 -0.448991259 -0.723658422 -0.208162109 0.824078981 0.526841883 1.1804444
1594 0.601873851 -0.309619458 0.736127474 -0.0182424464 0.771342654 0.464123698 -0.435453447 -0.728184602 -0.206829345 0.829894562 0.518166612 1.1828735
1607 0.545201696 -0.315517633 0.776661917 -0.00820500829 0.807067962 0.448104506 -0.384504431 -0.734454991 -0.226707777 0.836451418 0.49895151 1.1861894
1620 0.512426032 -0.333195758 0.791454452 0.00258602528 0.828733466 0.433356568 -0.354122756 -0.739930071 -0.224989785 0.83736651 0.498193662 1.18950697
1631 0.478425256 -0.341809378 0.808873058 0.0115878232 0.847613386 0.420472407 -0.323658003 -0.744359233 -0.229479461 0.840457794 0.490886823 1.19182989
1642 0.460924536 -0.357969824 0.812038285 0.0204857834 0.854321781 0.426627555 -0.29685556 -0.748479389 -0.240172576 0.830570005 0.502464526 1.19412708
1651 0.442062518 -0.364809471 0.81944785 0.0280848123 0.862717327 0.42301851 -0.277081494 -0.751767174 -0.245559655 0.829439202 0.50172808 1.19597651
1662 0.405412029 -0.362499735 0.839187124 0.0377851557 0.875123738 0.419222574 -0.241683425 -0.75570792 -0.264196008 0.83237394 0.487189997 1.19824836
1675 0.327062774 -0.346334601 0.87925098 0.0500023094 0.893070956 0.417467971 -0.167763999 -0.760177989 -0.308956645 0.840102873 0.445839606 1.20087925
1684 0.28946825 -0.338958 0.895162336 0.0590830653 0.911858865 0.382035437 -0.15020764 -0.762080679 -0.291069653 0.859742054 0.419668986 1.20238351
1697 0.201427517 -0.317482876 0.926623753 0.0719586281 0.92571863 0.370870651 -0.0741618419 -0.764706434 -0.320112439 0.872731106 0.368603367 1.20445275
1708 0.15066895 -0.331861559 0.931217898 0.0827706599 0.930146697 0.366652255 -0.0198304152 -0.766200376 -0.33485219 0.86915708 0.363923044 1.2059932
1719 0.126508914 -0.336934264 0.932990245 0.0929918705 0.933319925 0.359032417 0.00310510504 -0.767160811 -0.336019959 0.870385561 0.359888263 1.20723562
1730 0.0906380661 -0.348586368 0.932883854 0.103056883 0.935886349 0.350039014 0.0398676638 -0.767834576 -0.340443069 0.869459736 0.357964082 1.20836374
1743 0.102033748 -0.36590356 0.925042539 0.114980739 0.938261704 0.344374708 0.032726683 -0.768400082 -0.330536064 0.864592763 0.37845114 1.20956564
1758 0.0911997885 -0.367147175 0.925681128 0.129099325 0.937682083 0.344656813 0.0443169537 -0.769394619 -0.335313152 0.863952911 0.375699956 1.21105574
1769 0.0489452208 -0.362381312 0.930743869 0.139835979 0.940562958 0.330272571 0.0791286932 -0.769660737 -0.33607393 0.871550236 0.357007703 1.21192341
1776 0.0104264473 -0.357478531 0.933863153 0.146771921 0.940246403 0.321365876 0.112519668 -0.769534532 -0.340335115 0.87688829 0.339468607 1.21245007
1783 -0.0406301914 -0.340466635 0.939378336 0.153802904 0.93730306 0.312705711 0.15387694 -0.769125411 -0.346138935 0.886734238 0.306415126 1.21302375
1796 -0.0608828233 -0.31936175 0.945675079 0.166940383 0.949980617 0.272214297 0.153088877 -0.767213352 -0.306317008 0.907693478 0.286814297 1.21338527
1813 -0.215115267 -0.320884759 0.922365651 0.183252898 0.914141141 0.266154415 0.305790454 -0.764878516 -0.343615187 0.908952583 0.236080081 1.21402613
1826 -0.281198214 -0.320163484 0.904667291 0.194930891 0.901344691 0.235470411 0.363498878 -0.761258126 -0.329401446 0.917632295 0.222363797 1.21367605
1837 -0.364839489 -0.330913374 0.870280694 0.204491949 0.871241337 0.208323421 0.444454592 -0.75761045 -0.32837582 0.920379102 0.2123008 1.21315535
1848 -0.443759847 -0.343653415 0.8276349 0.21393437 0.823887797 0.206871505 0.527648631 -0.75405827 -0.352542331 0.916027571 0.191330587 1.21245343
1861 -0.519551764 -0.333559632 0.78664092 0.224574617 0.78122752 0.187418641 0.595447576 -0.748165198 -0.346048446 0.923911373 0.163212279 1.21079432
1872 -0.579677348 -0.327919683 0.745950973 0.233619393 0.73684551 0.179900801 0.651685811 -0.742273885 -0.347897782 0.927418128 0.137341727 1.20899969
1879 -0.590817268 -0.316382311 0.742184067 0.239323869 0.730610052 0.180438054 0.658521875 -0.738195049 -0.342262921 0.931313235 0.124546179 1.20771727
1888 -0.601471583 -0.302575745 0.739378018 0.246748985 0.723302091 0.18672363 0.664807018 -0.732888725 -0.339213826 0.934656196 0.106544711 1.20597294
1899 -0.598268346 -0.291832161 0.746263342 0.255777708 0.727464002 0.192666022 0.658540758 -0.726403752 -0.335962962 0.936863808 0.0970314089 1.2039272
1908 -0.598510687 -0.284299023 0.748971977 0.26290229 0.729920668 0.191769379 0.65607951 -0.721248389 -0.330152655 0.939360724 0.0927397101 1.20234212
1919 -0.603444898 -0.293750681 0.741326374 0.271403768 0.724062561 0.187604492 0.663730339 -0.715223501 -0.334047397 0.937291359 0.0994848971 1.20049284
1930 -0.594353862 -0.280498674 0.753700193 0.279105924 0.74824072 0.150619322 0.646103432 -0.70876031 -0.294752968 0.947963245 0.120359354 1.19841941
1941 -0.640317345 -0.296449138 0.70859834 0.287297126 0.702401516 0.1473485 0.696362356 -0.702881076 -0.310846922 0.943613442 0.113876523 1.19666102
1952 -0.649276999 -0.306640243 0.695996509 0.295332426 0.686930618 0.156351438 0.709704554 -0.697057154 -0.326444032 0.938896155 0.109125179 1.19471654
1965 -0.630050787 -0.299645907 0.716413524 0.304717459 0.711198026 0.147794453 0.687280268 -0.689280768 -0.311822664 0.942533358 0.119989566 1.19223889
1978 -0.657125341 -0.287487796 0.69680489 0.314951887 0.688234028 0.148205934 0.710189358 -0.680970122 -0.307441393 0.946248259 0.100469009 1.18959146
1991 -0.760653892 -0.221331862 0.610260488 0.323898164 0.598170116 0.126228803 0.791365151 -0.671423956 -0.252186773 0.966994569 0.0363776756 1.1860964
2002 -0.81963225 -0.200913899 0.536504036 0.330399731 0.526510189 0.104948628 0.843666289 -0.662942433 -0.225809647 0.973970939 0.0197639347 1.18299678
2013 -0.862070537 -0.191967423 0.469023344 0.336170722 0.459103134 0.0960998037 0.883169938 -0.654355332 -0.214612908 0.976684871 0.00528803611 1.17993578
2024 -0.889584367 -0.17763316 0.42081601 0.340806482 0.412555969 0.082969645 0.907145859 -0.645687613 -0.196054141 0.980592932 -0.000524878549 1.17664668
2037 -0.89983988 -0.188584285 0.393349917 0.346509009 0.386154592 0.0750767306 0.919373763 -0.635203634 -0.202910869 0.979183053 0.00526565119 1.17283545
2048 -0.896049934 -0.195169098 0.398752478 0.351509678 0.389726695 0.0843615038 0.917058471 -0.626241635 -0.212620833 0.977134668 0.000470487662 1.16947322
2059 -0.897530215 -0.185740001 0.399925199 0.356366993 0.390809134 0.0849821527 0.916540373 -0.616875967 -0.204224714 0.978917099 -0.00368516097 1.16590655
2070 -0.9257356 -0.150950211 0.346738566 0.360503014 0.337508049 0.0838224214 0.937583126 -0.607338081 -0.170592837 0.984981134 -0.0266504882 1.16213357
2085 -0.95676136 -0.114038287 0.267587312 0.364968777 0.259294354 0.0824985161 0.962268379 -0.594170939 -0.131810994 0.990045082 -0.0493619084 1.1571555
2098 -0.977638687 -0.0965302807 0.186827469 0.368029813 0.179371857 0.0809420138 0.980445882 -0.582625846 -0.109764908 0.992033414 -0.0618172284 1.15285291
2111 -0.987489966 -0.0750661419 0.13866738 0.370009825 0.132906031 0.076980909 0.988134569 -0.571130083 -0.0848501907 0.994202703 -0.0660411322 1.14833574
2124 -0.995185551 -0.0550988976 0.0810544951 0.371229681 0.0770477829 0.0713205864 0.994473234 -0.559723884 -0.0605752331 0.995930462 -0.0667319691 1.14388379
2135 -0.994486103 -0.0590067186 0.0866925459 0.372243927 0.0831199665 0.0605254578 0.994699824 -0.549767909 -0.0639410786 0.996421034 -0.0552870902 1.14008968
2148 -0.99512938 -0.0602219398 0.0780438076 0.373588356 0.0731317841 0.0798597177 0.994119795 -0.537752813 -0.0661003789 0.994985298 -0.0750666134 1.13550007
2161 -0.994575492 -0.0420159956 0.095153802 0.374522431 0.0916149243 0.0793580094 0.992627328 -0.525911088 -0.0492574418 0.995960322 -0.0750782391 1.13072962
2172 -0.995458116 -0.0470522104 0.0827600718 0.375590164 0.0793226419 0.0707487805 0.994335219 -0.516035341 -0.0526408441 0.996383811 -0.0666951421 1.12683289
2181 -0.994530041 -0.0436501864 0.0948928753 0.376242133 0.091963725 0.0648249668 0.993650037 -0.508179717 -0.0495244368 0.996941515 -0.0604561432 1.12365689
2194 -0.997041963 -0.0499330017 0.0584296049 0.377535136 0.0558410206 0.0517527917 0.997097502 -0.496630186 -0.0528119664 0.99741082 -0.0488113953 1.11903351
2207 -0.994040503 -0.0618825413 0.089744249 0.378772095 0.0868342935 0.0482153359 0.995055318 -0.485152248 -0.065903601 0.996918167 -0.04255447 1.11418013
2220 -0.996900381 -0.043210082 0.0657458714 0.379654689 0.0637922124 0.045136164 0.996941964 -0.47347007 -0.0460454605 0.998045898 -0.0422397924 1.10924984
2233 -0.99925519 -0.0381638217 -0.00570866811 0.380309157 -0.00818710019 0.0651045176 0.997844864 -0.461265469 -0.0377099134 0.997148396 -0.0653684781 1.1042774
2244 -0.998603602 -0.0174448546 -0.0498650511 0.37989622 -0.0511432732 0.0827309161 0.995258741 -0.450693243 -0.0132367627 0.996419225 -0.0835075778 1.09992695
2255 -0.991113894 0.0197291388 -0.131544706 0.378389445 -0.128679197 0.108254228 0.985759954 -0.440264641 0.0336884655 0.993927454 -0.10475354 1.09555827
2266 -0.986987185 0.0478013161 -0.153529576 0.376093337 -0.14767824 0.108295199 0.983088647 -0.430246776 0.0636194472 0.992968874 -0.0998267592 1.09134703
2277 -0.983014087 0.0466406242 -0.17750481 0.374130441 -0.171691717 0.108036853 0.979208861 -0.420524075 0.0648479735 0.993052209 -0.0981939397 1.08741617
2290 -0.980085178 0.0374956191 -0.195005442 0.372190291 -0.190953719 0.0915351854 0.977321844 -0.409428124 0.0544951469 0.995095668 -0.0825523506 1.08282858
2301 -0.979765516 0.0252883728 -0.198544785 0.370438946 -0.196089882 0.0774818662 0.977519984 -0.400170314 0.0401035102 0.996672995 -0.0709552666 1.07892446
2314 -0.983440861 0.040993515 -0.176532161 0.36782937 -0.173206155 0.074018313 0.982100258 -0.389281418 0.0533263545 0.996413981 -0.0656923044 1.07441347
2327 -0.974296377 0.0292009644 -0.223369364 0.365626566 -0.220410729 0.0812692776 0.972015645 -0.377539672 0.0465368611 0.996264326 -0.0727441569 1.06948146
2338 -0.978440636 0.0484169359 -0.200772814 0.36274762 -0.196093061 0.0873131983 0.976690287 -0.367630067 0.0648184675 0.995003621 -0.0759365561 1.06513278
2351 -0.972503425 0.0508367701 -0.227272328 0.359671425 -0.220920341 0.107441043 0.969355778 -0.356057468 0.0736972928 0.992910895 -0.093255906 1.06027906
2360 -0.968835804 0.062315936 -0.239737167 0.357237999 -0.232294338 0.107462743 0.966690798 -0.348052723 0.0860030556 0.992254243 -0.0896381143 1.05692712
2373 -0.947489729 0.0581615358 -0.31445262 0.354031116 -0.306157979 0.119021187 0.944511117 -0.33677969 0.0923607411 0.99118676 -0.0949647338 1.05213975
2384 -0.934734821 0.0961175262 -0.342099746 0.350063165 -0.329790542 0.123839881 0.935896299 -0.328113579 0.132321629 0.98763612 -0.0840587979 1.04845459
2397 -0.923429874 0.119093231 -0.3648206 0.345284738 -0.35261372 0.111885183 0.929056118 -0.31778717 0.151462315 0.986558923 -0.0613242127 1.0441414
2406 -0.919514038 0.107824333 -0.377978632 0.342148673 -0.367003847 0.10875626 0.92383995 -0.310688895 0.140719969 0.988203415 -0.0604309625 1.04084006
2417 -0.917885796 0.0937444364 -0.385613337 0.338222238 -0.37651907 0.101268298 0.920857275 -0.3016392 0.125375653 0.990432589 -0.0576561646 1.0368354
2426 -0.920109064 0.0922636072 -0.380639905 0.33465072 -0.370855638 0.107312938 0.922469527 -0.294160872 0.125957953 0.989935028 -0.0645231283 1.03350247
2437 -0.907897915 0.0822404028 -0.411044878 0.330347889 -0.399951733 0.123714734 0.908148267 -0.284775492 0.125538787 0.98890403 -0.0794281572 1.02935829
2448 -0.908419635 0.0853327211 -0.409257979 0.325608824 -0.396943701 0.131130649 0.908427461 -0.275562376 0.131184852 0.987685719 -0.0852493707 1.02522589
2461 -0.898177283 0.0895441132 -0.430417727 0.32000184 -0.41663174 0.139162413 0.898360627 -0.265011858 0.140340875 0.986212794 -0.0876855979 1.02053079
2476 -0.896379172 0.115969851 -0.427849708 0.31316748 -0.410751298 0.145657166 0.900037422 -0.253557111 0.166696582 0.982514623 -0.0829292831 1.01557164
2489 -0.87921169 0.0733191232 -0.470755893 0.308032972 -0.451191911 0.189200828 0.872140417 -0.243748207 0.153011976 0.9791973 -0.133266585 1.01128836
2502 -0.88272241 0.0163339697 -0.469610847 0.303855207 -0.445727543 0.287273802 0.84782116 -0.23646063 0.148755178 0.957709227 -0.246302522 1.00787416
2513 -0.897749904 0.0390350047 -0.438772581 0.301953461 -0.413622324 0.267942127 0.87012849 -0.233560671 0.151531128 0.962643904 -0.224399269 1.00666942
2524 -0.89813211 0.0875901643 -0.430913769 0.301675548 -0.414681885 0.157281675 0.896270835 -0.232743624 0.146279349 0.98366175 -0.104937668 1.00667938
2537 -0.89911517 0.133886449 -0.416732924 0.301264149 -0.414320059 0.0467520475 0.908929664 -0.231600372 0.141176483 0.989893259 0.0134363664 1.00673338
2548 -0.892531456 0.156523444 -0.422951548 0.299358585 -0.422999012 0.034681138 0.905466208 -0.228602439 0.156395131 0.98706516 0.0352552556 1.00555759
2563 -0.886728539 0.151908671 -0.436619118 0.294352333 -0.431562376 0.0665784736 0.899622822 -0.220297014 0.165729942 0.986149615 0.00652103455 1.00175441
2576 -0.887289747 0.149328944 -0.436368848 0.287975581 -0.412737218 0.165147977 0.89575339 -0.210893674 0.20582734 0.974898463 -0.0849004939 0.997099236
2589 -0.873345608 0.0915616967 -0.478418127 0.282868826 -0.455936871 0.192008233 0.869053743 -0.201206975 0.171432254 0.977112734 -0.125943193 0.992419171
2600 -0.878852275 0.087103556 -0.469075313 0.279015523 -0.449306173 0.179536863 0.875151688 -0.194470485 0.160445134 0.979887486 -0.118650215 0.989345629
2611 -0.864220251 0.114363606 -0.489943184 0.275385155 -0.471291925 0.156813766 0.867924746 -0.188827034 0.176088839 0.980984408 -0.0816229881 0.986931939
2618 -0.824454518 0.134593905 -0.549690121 0.273229797 -0.535115561 0.13072428 0.834603198 -0.185492943 0.184190349 0.982240115 -0.03575293 0.985550891
2631 -0.780791771 0.170573745 -0.60105641 0.268046919 -0.588080166 0.124263161 0.799199841 -0.179539128 0.21101168 0.977478012 0.00328738255 0.982957435
2644 -0.684546706 0.223124801 -0.693982083 0.260441089 -0.676351384 0.160722768 0.718830298 -0.173309837 0.271927588 0.961448654 0.0408885267 0.979845261
2655 -0.621557926 0.207287477 -0.75544533 0.252670294 -0.732500505 0.188049169 0.654278626 -0.167398532 0.277684632 0.960036151 0.0349547298 0.976765488
2668 -0.595585209 0.183014444 -0.782166205 0.242248598 -0.74385749 0.24191553 0.62301919 -0.160951053 0.303239663 0.952881204 -0.00794464644 0.972927601
2677 -0.585663718 0.163419371 -0.793909389 0.235252173 -0.752028023 0.255876744 0.607438017 -0.156519693 0.302410088 0.952796516 -0.0269617786 0.970424003
2690 -0.5474687 0.166367433 -0.820121881 0.225593511 -0.779425544 0.255339225 0.572099381 -0.150453451 0.304587991 0.952430447 -0.0101192066 0.967354488
2701 -0.531713791 0.175338491 -0.828575198 0.217824175 -0.792892371 0.240789134 0.559769847 -0.145795331 0.297661105 0.9546083 0.0109936486 0.964919974
2710 -0.536513603 0.186120272 -0.823111413 0.21180732 -0.790111476 0.231840854 0.567427241 -0.142318583 0.296440566 0.954782207 0.0226699909 0.96321725
2723 -0.537281414 0.21038716 -0.816741039 0.202617116 -0.782352538 0.237407971 0.575814173 -0.137556353 0.315044742 0.948353678 0.0370420381 0.960634114
2736 -0.468678403 0.222576691 -0.854868511 0.192833016 -0.824495327 0.237158105 0.513773772 -0.132498359 0.317093062 0.945629764 0.0723625593 0.957898794
2749 -0.428499444 0.210857277 -0.87859401 0.182156699 -0.845509327 0.249294657 0.472192918 -0.127731384 0.318594105 0.945193834 0.0714591722 0.955089741
2762 -0.387177787 0.204245059 -0.899098058 0.170674046 -0.859707395 0.272393478 0.432093725 -0.123669852 0.333161455 0.940258342 0.0701262835 0.952325132
2773 -0.372680604 0.201472448 -0.905824498 0.160743989 -0.862501098 0.284917329 0.418227176 -0.120313169 0.342346349 0.937139781 0.0675870457 0.950134817
2786 -0.352218828 0.193897484 -0.915612179 0.149701567 -0.874786266 0.279565819 0.395716997 -0.116356796 0.332702399 0.940343936 0.0711505109 0.947649977
2797 -0.379792404 0.196197433 -0.904026712 0.140254972 -0.864507335 0.272511863 0.422332041 -0.113107696 0.329218466 0.941936225 0.0661161847 0.945724475
2810 -0.381797319 0.19923184 -0.902517302 0.129158829 -0.860631186 0.27937526 0.425750427 -0.109349791 0.336964047 0.939284908 0.0648004096 0.943367512
2823 -0.362339055 0.197187584 -0.910948663 0.118380797 -0.878335124 0.254751146 0.40451114 -0.104996429 0.31182979 0.946688391 0.080890491 0.940864293
2834 -0.392299018 0.219248589 -0.893326109 0.108802321 -0.854000628 0.273997195 0.442276457 -0.102158525 0.341737337 0.936405678 0.0797496022 0.938892393
2849 -0.308837884 0.218969628 -0.925565483 0.0956976843 -0.885692167 0.288468856 0.363778921 -0.0981800066 0.346653352 0.932114811 0.104849574 0.936198208
2862 -0.286918839 0.224792962 -0.931206585 0.0840802562 -0.885140885 0.309527777 0.347445203 -0.0953257507 0.366337541 0.923937595 0.110164091 0.934096605
2875 -0.177151326 0.222144718 -0.958785238 0.071682181 -0.900271972 0.357039902 0.249064016 -0.0936337421 0.397652843 0.907289498 0.136740571 0.932388354
2886 -0.100849588 0.225774179 -0.968945499 0.0615729553 -0.912475727 0.367150981 0.180522034 -0.0927106569 0.396506505 0.902344821 0.168986433 0.93096617
2897 -0.0234039958 0.233651898 -0.972038602 0.0515507069 -0.917716503 0.380648018 0.113593601 -0.092503546 0.396545927 0.894714411 0.205517518 0.929862076
2908 0.0257036568 0.240184285 -0.970386949 0.0414330141 -0.912350824 0.402400053 0.0754332246 -0.0931860861 0.408601635 0.883394423 0.229475484 0.929217969
2921 0.114790839 0.233860523 -0.965469999 0.0294151352 -0.900674312 0.434490955 -0.00184249941 -0.0949145526 0.419057094 0.869785529 0.260507747 0.92890248
2932 0.163113117 0.220416084 -0.961670869 0.0187808828 -0.897352178 0.438270271 -0.0517516914 -0.0968863686 0.410064848 0.871398829 0.269278483 0.928604393
2945 0.199450618 0.213022681 -0.956473099 0.00632775817 -0.895253868 0.436480303 -0.0894732247 -0.0991901528 0.398421841 0.874131731 0.277765645 0.92843893
2954 0.193290855 0.206724792 -0.959116002 -0.00208682385 -0.893278256 0.441417253 -0.0848808982 -0.1011007 0.405823365 0.873164171 0.26998468 0.928395734
2967 0.181887333 0.203322546 -0.962069093 -0.0140057674 -0.89213776 0.445578544 -0.0744981776 -0.103843993 0.413530186 0.871848441 0.262436814 0.928413606
2982 0.205843542 0.207649695 -0.956300183 -0.0277962986 -0.89788984 0.428667356 -0.100190485 -0.106285959 0.389130148 0.879275783 0.274684958 0.928428936
2995 0.287948871 0.174210014 -0.941666777 -0.0393152745 -0.86257977 0.474314749 -0.176016077 -0.110204892 0.415982678 0.862946342 0.286848431 0.929001712
3006 0.399475403 0.188359106 -0.897184624 -0.0486277789 -0.825312153 0.499946935 -0.262512688 -0.113859013 0.399098048 0.845324736 0.355171562 0.929826105
3015 0.450083066 0.176638487 -0.875342264 -0.0555537725 -0.800788658 0.513624448 -0.30810299 -0.117417378 0.395174341 0.839636095 0.372623762 0.930556824
3026 0.534122419 0.178934256 -0.826254061 -0.0639532764 -0.762078989 0.525014679 -0.378939575 -0.122103678 0.36599024 0.832070982 0.416784147 0.931841734
3037 0.602427751 0.162528388 -0.781450784 -0.0721572182 -0.719959928 0.533320569 -0.444102322 -0.127601457 0.344584542 0.830152814 0.438301037 0.933434551
3041 0.602707335 0.139640396 -0.785649049 -0.0748633668 -0.709394218 0.54459252 -0.447413491 -0.130157081 0.365381598 0.826994285 0.427289996 0.934246376
3052 0.645540624 0.132945869 -0.752065622 -0.0831986719 -0.681314725 0.545199629 -0.488433833 -0.136644818 0.345090638 0.827697264 0.442526487 0.936330882
3065 0.723333635 0.117939587 -0.680351898 -0.0922637251 -0.618394273 0.549016654 -0.562289282 -0.144803406 0.307208357 0.827448468 0.470055377 0.938782123
3074 0.760686866 0.103700718 -0.640782064 -0.0976870194 -0.578226862 0.556836819 -0.596310702 -0.150831682 0.294973198 0.824123121 0.483540995 0.940673593
3087 0.810130011 0.0961933805 -0.57830459 -0.104836437 -0.520889368 0.570745695 -0.634762647 -0.15948875 0.26900489 0.815472983 0.512484325 0.943669141
3096 0.847348107 0.077233762 -0.525391408 -0.108971478 -0.466378281 0.581368832 -0.666709517 -0.165766512 0.253953705 0.809966189 0.528641928 0.945744857
3109 0.879837737 0.0582647524 -0.471689279 -0.114108964 -0.405385079 0.610055459 -0.680804873 -0.175293662 0.248089692 0.790213614 0.560369475 0.949277168
3120 0.895387566 0.0528204313 -0.442143764 -0.118440855 -0.377424006 0.616920281 -0.690623259 -0.183816762 0.236288436 0.78525115 0.572318448 0.952311254
3131 0.896683157 0.0557844339 -0.439143955 -0.12321318 -0.382236781 0.597942013 -0.704528489 -0.192555697 0.223280897 0.799595802 0.557487394 0.955396966
3144 0.897258537 0.0536994621 -0.438227664 -0.128829937 -0.383226335 0.587605655 -0.712640983 -0.203230851 0.219236616 0.807363587 0.547813238 0.959191575
3157 0.889863676 0.0417513125 -0.45431208 -0.134129924 -0.389604414 0.587679986 -0.709112568 -0.213782547 0.237383736 0.808015508 0.539221569 0.962961888
