0 0.999999898 0.00044592244 6.88437257e-05 -4.84406814e-05 -0.00044589284 0.999999808 -0.000429374892 0.000147544811 -6.90351804e-05 0.000429344152 0.999999905 -0.000115318564
9 0.999948508 0.000323918372 -0.0101427541 -0.00343860008 -0.000615852352 0.999585216 -0.0287926359 0.0250017094 0.0101292206 0.0287973997 0.999533946 0.0119813553
10 0.999962417 0.000106912976 -0.00866910266 -0.00316410636 -0.000343469783 0.999627487 -0.0272904514 0.0236170487 0.0086629556 0.0272924033 0.999589955 0.0113101359
11 0.99993359 0.00133645908 -0.0114468121 -0.00253834302 -0.00154661312 0.99983006 -0.0183700447 0.0164715211 0.011420316 0.0183865285 0.999765729 0.00771480364
20 0.998819743 -0.0104134603 0.0474413424 -0.0522911457 0.0123973447 0.999052543 -0.0417171724 0.0590258156 -0.0469619736 0.0422560821 0.998002503 0.0708782304
21 0.996791762 -0.0155699867 0.0785096102 -0.175880882 0.037944702 0.955588786 -0.292250358 0.161237506 -0.0704725689 0.294291773 0.953113828 0.333687902
28 0.553895896 -0.155392341 0.817956329 -0.662842423 -0.0187248696 0.979855252 0.198829233 -0.0893871596 -0.832375345 -0.125446822 0.539828102 0.350569766
30 0.611557496 -0.282266755 -0.739136596 0.0804177684 -0.327848559 0.759814992 -0.561423637 0.284377714 0.720078295 0.585667701 0.372129806 0.763291292
